Time stamp,X-coordinate,Y-coordinate,Button status,Azimuth,Altitude,Pressure,x_dot,y_dot,pressure_dot,altitude_dot,azimuth_dot,path_tan_angle,path_velocity,log_curve,total_accelaration,path_tan_angle_dot,path_velocity_dot,log_curve_dot,total_accelaration_dot,x_dot_dot,y_dot_dot,min_max_v,angle_of_two,angle_of_two_dot,angle_of_two_sin,angle_of_two_cos,five_window,seven_window
0.0,0.07370107576104368,0.7484098939929329,0.0,0.0,0.0,0.0,0.1449814126394052,0.6344086021505377,0.44814814814814813,0.5,0.5,0.5,0.0,0.0,0.0,0.507348093126058,0.3898376288985006,0.5548206102665547,0.5098687745776088,0.4012114219786559,0.4157452161822155,0.0,0.5,0.5138828002983729,0.5,0.0,0.0,0.0
10.0,0.06797894254978254,0.7226148409893993,1.0,0.09999999999999964,0.08333333333333304,0.3594692400482509,0.09851301115241634,0.5035842293906811,1.0,1.0,0.8333333333333333,0.8949745786521575,0.16771174431075583,0.0,0.0,0.507348093126058,0.3898376288985006,0.5548206102665547,0.5098687745776088,0.4012114219786559,0.4157452161822155,0.5151682772584413,0.5,0.5138828002983729,0.5,0.0,0.07231984928725575,0.14558753651741574
20.0,0.05859464408331427,0.7265017667844524,1.0,0.14999999999999947,0.16666666666666696,0.36670687575392036,0.0687732342007435,0.6541218637992833,0.45925925925925926,1.0,0.6666666666666666,0.4165646631602741,0.09226488697665217,0.27502096800672376,0.07001307934311839,0.2616268032706015,0.3130261192750704,0.5548206102665547,0.5098687745776088,0.3712143063167003,0.9218698271866518,0.36833827750460413,0.05991276593090328,0.5138828002983729,0.008830716788762627,0.18711210788999516,0.05222070752534194,0.10061627763015586
30.0,0.05676356145571071,0.7441696113074203,1.0,0.25,0.16666666666666696,0.36067551266586245,0.13011152416356878,0.7240143369175629,0.4388888888888889,0.5,0.8333333333333333,0.050501538449012895,0.11005710156911105,0.3115707925749991,0.05668410931798582,0.3193304533158815,0.4079516618838485,0.5930675277125979,0.5029306387159937,0.4630804730314393,0.6507316427199894,0.4189183453783556,0.7764646760595899,0.8899678989735424,0.8816931426845573,0.6459422414661738,0.05898431594436777,0.14866991252579667
40.0,0.06019684138246739,0.7660777385159012,1.0,0.2999999999999998,0.25,0.36670687575392036,0.17286245353159851,0.7455197132616489,0.4574074074074074,1.0,0.6666666666666666,0.924441430463007,0.1386445829389129,0.25894443124325983,0.16929486784016454,0.9562218111823058,0.4189421890874323,0.49975068527742794,0.568486112648983,0.44433227574271705,0.4880487320399921,0.510395294776724,0.6530711754262101,0.4491192343855487,0.73128300334751,0.8865848461654546,0.08146558355319443,0.15039161150593677
50.0,0.07118333714808878,0.7911660777385159,1.0,0.34999999999999964,0.25,0.36791314837153194,0.23420074349442377,0.7616487455197134,0.44999999999999996,0.5,0.6666666666666666,0.810772728795512,0.18627516673884864,0.4511640910559263,0.03628383568281032,0.44896548213603593,0.4383297354645432,0.7559654734006666,0.44063247121273563,0.4630804730314393,0.4699728530755479,0.6857387906684234,0.584750659461432,0.4780245077937342,0.6315587028960543,0.9647638212377322,0.07351147502163981,0.11726087237810522
60.0,0.08308537422751205,0.8293286219081273,1.0,0.39999999999999947,0.33333333333333304,0.37876960193003617,0.241635687732342,0.827956989247312,0.4648148148148148,1.0,0.6666666666666666,0.8571669234399375,0.26052968861940246,0.5525496519568547,0.036987688100939185,0.5311771171087909,0.4654352365861731,0.6609137372186428,0.5102351512514476,0.4087107008941448,0.6386810567436934,0.5567692092648283,0.9657212494720577,0.7138367183763421,0.9971035237829247,0.10748184298009185,0.05064355049237244,0.09767386265944268
70.0,0.09361409933623255,0.8706713780918729,1.0,0.39999999999999947,0.33333333333333304,0.37876960193003617,0.23048327137546468,0.8440860215053765,0.44814814814814813,0.5,0.5,0.8807617448626679,0.2732475715084125,0.612133442406557,0.010606768674173497,0.5194668844933762,0.4027855477176094,0.6171710138969497,0.49613670054697484,0.38996250360542256,0.46997285307554787,0.4504975653590096,0.18716704181099914,0.1052555510044691,0.08397485283107847,0.55470019622523,0.05157926225186563,0.10356052218805217
80.0,0.10254062714579992,0.9144876325088338,1.0,0.5,0.33333333333333304,0.3823884197828709,0.21747211895910779,0.8566308243727601,0.45370370370370366,0.5,0.8333333333333333,0.9030044298020711,0.2825295402673355,0.6197413537374846,0.009675083784604993,0.5187723990532027,0.39928748616019094,0.5627817745142039,0.5093838041461463,0.38808768387655035,0.4579222670992519,0.30635840677023374,0.24999999999999967,0.5468609264418357,0.14644660940672588,0.7071067811865468,0.0588451373246751,0.11090759502426838
90.0,0.10414282444495304,0.9480565371024736,1.0,0.5,0.33333333333333304,0.3884197828709288,0.1579925650557621,0.8046594982078854,0.4574074074074074,0.5,0.5,0.976587897095922,0.20704199712923424,0.4956632596404734,0.03964035539970284,0.545142093438304,0.3129846975626794,0.4249812833246175,0.5254666133606306,0.3412171906547447,0.241011719525922,0.41805672772659874,0.7343580184210488,0.7681000183074289,0.8357597123694297,0.7409869514359827,0.07542468497784541,0.1511057032545644
100.0,0.10208285648889903,0.9724381625441694,1.0,0.5,0.33333333333333304,0.40048250904704463,0.12825278810408922,0.7580645161290324,0.4666666666666667,0.5,0.5,0.0412855998398472,0.1512416662177873,0.26051732482726553,0.19863618905208147,0.02695736658721093,0.33302800413421263,0.3087563059147439,0.5926309604952703,0.3712143063167003,0.2590875984903662,0.5722979783705124,0.8244027652986172,0.5611431411556727,0.925829158352272,0.5240974256643347,0.08551383539916359,0.2424747920744376
110.0,0.09773403524834057,0.9911660777385156,1.0,0.5999999999999996,0.33333333333333304,0.4101326899879373,0.10966542750929367,0.7293906810035844,0.46296296296296297,0.5,0.8333333333333333,0.10956820980248361,0.1223738692409355,0.45853079849601835,0.01730465977022331,0.5424194627849938,0.36044768286701256,0.7620283074325381,0.4154801771256119,0.38246322468993366,0.3193405283718467,0.4180106634073881,0.8221923155106473,0.5127226370012352,0.923999152002544,0.5299989400031798,0.10662801312466694,0.33966887369396503
120.0,0.09109636072327765,0.9999999999999998,1.0,0.5999999999999996,0.33333333333333304,0.4161640530759952,0.09107806691449813,0.6792114695340503,0.4574074074074074,0.5,0.5,0.273535526661438,0.08321968084574496,0.35467536416703116,0.025748340091293988,0.5915651197553988,0.3499752353544381,0.4461429279514531,0.5142639679893407,0.38246322468993366,0.24703701251407012,0.26668687890720344,0.8908120885663705,0.5498981590685347,0.9708709557974187,0.33633639699815626,0.18464139880248875,0.31927058725833835
130.0,0.08216983291371027,0.9999999999999998,1.0,0.5999999999999996,0.33333333333333304,0.4161640530759952,0.0724907063197026,0.6344086021505377,0.44814814814814813,0.5,0.5,0.5,0.08476638605785275,0.329608502858065,0.026754976621185447,0.623664960091438,0.39141231028991125,0.5285898366188037,0.5103927596263022,0.38246322468993366,0.26511289147851425,0.21142158165426894,0.8788810584091566,0.5076207520216941,0.9642383454426297,0.3713906763541038,0.236408762784954,0.31217945245714473
140.0,0.07164110780498967,0.9929328621908124,1.0,0.5999999999999996,0.33333333333333304,0.4378769601930036,0.05947955390334572,0.5985663082437277,0.48148148148148145,0.5,0.5,0.6305475870886228,0.10902205881105545,0.3956702822260201,0.022559805796928113,0.5744000509726093,0.4145320284658002,0.6239497908213087,0.5076850600755506,0.38808768387655035,0.2952393564192545,0.2226065324959156,0.8928330765600626,0.5212055721015475,0.9719291781830087,0.33035042472810605,0.15533690051600124,0.2726604060586287
150.0,0.05790798809796294,0.9667844522968199,1.0,0.5999999999999996,0.33333333333333304,0.4969843184559711,0.03345724907063197,0.5017921146953406,0.5388888888888889,0.5,0.5,0.7831360394514062,0.20706481293151072,0.43563449900426643,0.06187516835199938,0.5857206981191649,0.48965374076492363,0.5966404580488086,0.530333621174263,0.37496394577444475,0.0903793948222208,0.33695903896657026,0.9192530273303328,0.5277494157549497,0.9839984490829005,0.2509621587837261,0.1380005527347522,0.22030087176472452
160.0,0.04806591897459378,0.9162544169611306,1.0,0.6499999999999995,0.33333333333333304,0.5355850422195415,0.06505576208178439,0.37813620071684595,0.5074074074074074,0.5,0.6666666666666666,0.9070222452695774,0.3245577741826037,0.48978552729508407,0.07650864270284159,0.5709786269072,0.5094557553879684,0.6114859960275286,0.5174859447702167,0.4330833573694837,0.0,0.4649262250750635,0.0768927527314201,0.07176668489274834,0.014517694136098602,0.23922316520829923,0.13251881712435387,0.27070232639121683
170.0,0.04051270313572897,0.8494699646643109,1.0,0.6499999999999995,0.33333333333333304,0.5633293124246079,0.08364312267657992,0.29569892473118287,0.4907407407407407,0.5,0.5,0.9449767599279228,0.4170056790136866,0.607800159415421,0.046554175866271294,0.5268423218108828,0.48395769410085665,0.6783149346702206,0.4942765600117049,0.4199596192673781,0.1385817387274053,0.5633192863176436,0.06813763182162441,0.5092876405273491,0.01141181803859953,0.2124296443310437,0.12275241512949524,0.32361853176359223
180.0,0.037537193865873175,0.7667844522968197,1.0,0.6499999999999995,0.33333333333333304,0.5862484921592279,0.120817843866171,0.2150537634408603,0.4833333333333333,0.5,0.5,0.9823342771118654,0.5093825856122732,0.6255774423145138,0.04879931383141544,0.5265356914825796,0.4838854116810006,0.5734233335213942,0.5110374374375949,0.43870781655610036,0.14460703171555322,0.6881082177787892,0.13312493874765652,0.5479916448809251,0.043094225689871424,0.40613846605344756,0.21707048812249183,0.5749037158986366
190.0,0.0361638818951705,0.6628975265017669,1.0,0.6499999999999995,0.33333333333333304,0.5934861278648974,0.13382899628252787,0.10752688172043012,0.45925925925925926,0.5,0.5,0.9935047815116256,0.6391411984482731,0.7436391728312022,0.058400621962488186,0.5130854966801273,0.5219432631257606,0.6783642199540317,0.5148665486094361,0.41433516008076143,0.05422763689333249,0.7060403676058317,0.03696902803336993,0.4634149909770793,0.003368430456378524,0.11588069956017837,0.2632443201179576,0.3464268255641925
200.0,0.037537193865873175,0.544876325088339,1.0,0.5999999999999996,0.33333333333333304,0.6019300361881784,0.15613382899628253,0.03584229390681004,0.4611111111111111,0.5,0.33333333333333337,0.005717526690588781,0.7260651493123144,0.38516297772292335,1.0,0.0,0.4783338250850824,0.1796995364275692,0.9999999999999998,0.42370925872512255,0.17473349665629348,0.5355315455351102,0.09277357907774231,0.5431720392067964,0.021086857389424285,0.2873478855663454,0.232790753956611,0.20460553714560215
210.0,0.04051270313572897,0.4197879858657243,1.0,0.5999999999999996,0.33333333333333304,0.6103739445114595,0.1691449814126394,0.0,0.4611111111111111,0.5,0.5,0.011684095635854097,0.7699366059370483,0.8105888599296126,0.020482482810016116,0.5104126471199582,0.4345026147149662,1.0,0.0,0.41433516008076143,0.2952393564192545,0.4706294718000508,0.10716692343993744,0.5214372039057119,0.02807082181699133,0.3303504247281062,0.15699576833676762,0.20449470821908003
220.0,0.044174868390936095,0.31908127208480574,1.0,0.5999999999999996,0.33333333333333304,0.6091676718938479,0.17472118959107807,0.12365591397849462,0.4462962962962963,0.5,0.5,0.01785129023177434,0.6204220665084664,0.7900928539734582,0.0665228212941993,0.5105156926298037,0.23761873085607643,0.5333729273559488,0.5338341764740567,0.4068358811652726,0.8314904323644308,0.5535506259920833,0.9861691504333381,0.9752305890651877,0.9995280791775298,0.04343722427630684,0.07883022418268976,0.17926755560199534
230.0,0.04760814831769289,0.23427561837455824,1.0,0.5,0.41666666666666696,0.6272617611580217,0.17286245353159851,0.20430107526881724,0.4759259259259259,1.0,0.16666666666666669,0.019868524305540813,0.5226571325635816,0.8679709025808503,0.043383080572587565,0.5083841865315147,0.29030436230679735,0.6363147167671706,0.4978238330235075,0.3993366022497837,0.6868834006488778,0.5358581513681542,0.007072389000315038,0.0,0.00012341108419500202,0.022216737285146955,0.07079239803437304,0.2906174835191437
240.0,0.04486152437628743,0.16996466431095403,1.0,0.4499999999999993,0.5,0.6357056694813027,0.12267657992565055,0.3082437275985664,0.4611111111111111,1.0,0.33333333333333337,0.9790428688367787,0.39643538079254137,0.3377688019615232,0.5327443498332975,1.0,0.2613328290509265,0.0,0.7645962565316731,0.3505912892991058,0.7652122094948024,0.5227850163207377,0.1386821657267056,0.5829587111529996,0.04670896946007713,0.4220295801578592,0.09305159759185101,0.09460463103691584
250.0,0.0386816205081254,0.11413427561837453,1.0,0.39999999999999947,0.5,0.6308805790108564,0.09479553903345724,0.3512544802867384,0.4407407407407407,0.5,0.33333333333333337,0.9461256639025974,0.3483906324861188,0.6047228392615017,0.026632974077166086,0.4904411315582837,0.34092386658562135,0.8341699408612206,0.24642235077412733,0.37308912604557254,0.5603522478977686,0.5948795911612356,0.1778076844893528,0.534417983271962,0.0760008479974561,0.5299989400031803,0.15217492406063704,0.12177710249196809
260.0,0.026321812771801345,0.06395759717314475,1.0,0.34999999999999964,0.583333333333333,0.5838359469240048,0.04460966542750927,0.37992831541218647,0.3759259259259259,1.0,0.33333333333333337,0.884328373037162,0.3301999194584123,0.5484580498674466,0.029552958480211573,0.4756077183359263,0.37131788959912565,0.4959433165861553,0.5113887156131072,0.3505912892991058,0.5121499039925844,0.24904701628151027,0.32971851134970614,0.5936137974557767,0.24509880484913338,0.8602915336341741,0.0508409416980789,0.12689199181605443
270.0,0.01327534905012584,0.025088339222614886,1.0,0.1999999999999993,0.666666666666667,0.4752714113389626,0.03903345724907062,0.4372759856630825,0.28148148148148144,1.0,0.0,0.8478201691561514,0.2692769030208817,0.5749950373002773,0.03029252434338773,0.48859671975888097,0.3278126615409205,0.5825897713938322,0.5102537411900068,0.3955869627920392,0.6085545918029531,0.24904701628151027,0.029754583571417637,0.3564455486731151,0.0021828869703559572,0.09334070869305812,0.06658298355333576,0.13112886629224868
280.0,0.0,0.0,1.0,0.14999999999999947,0.666666666666667,0.20868516284680336,0.03717472118959107,0.5071684587813621,0.03888888888888886,0.5,0.33333333333333337,0.7819698073950121,0.19926357586477733,0.5016513884643502,0.03603286007633371,0.47352597676636876,0.3185579289528201,0.47807144620479003,0.5128567945920111,0.3993366022497837,0.6507316427199894,0.24904701628151027,0.008160003968810059,0.5025487999476698,0.0001642845452593522,0.02563260079255061,0.06895483621996373,0.12910269294774496
371.0,0.009613183794918712,0.3441696113074204,0.0,0.25,0.75,0.5211097708082025,0.15356019445238775,0.8262239552562134,0.5008547008547009,0.554945054945055,0.5366300366300366,0.9862826096643854,0.2328520261367151,0.6030514611563208,0.007465711169912867,0.5188798851761977,0.39359542940368,0.5664808643939335,0.5082347005968051,0.41411170312237516,0.5336244236462736,0.2910271086563588,0.892349365844757,0.5648795340331569,0.9716776294867654,0.331784350696326,0.06943174259751057,0.12796571207266302
381.0,0.08377203021286339,0.41625441696113064,1.0,0.25,0.75,0.6767189384800965,0.7472118959107807,1.0,0.687037037037037,0.5,0.5,0.6788651885261847,0.8321741015498899,0.49248027193832444,0.4446275303574567,0.34945210727791703,1.0,0.4391153450324713,0.7374248490015838,1.0,1.0,0.40914935976353556,0.5938255340534511,0.3572013887367734,0.6452558741839217,0.9568714250411383,0.04390713737987685,0.08767848870349218
391.0,0.10894941634241251,0.4780918727915193,1.0,0.34999999999999964,0.666666666666667,0.669481302774427,0.34944237918215615,0.9480286738351256,0.437037037037037,0.0,0.8333333333333333,0.821376138103987,0.44926242444364123,0.505021958735538,0.19182280321066936,0.5805446829433475,0.0,0.5679446365849604,0.3782761953988959,0.0,0.24101171952592212,0.7578721974858721,0.5428742764377934,0.4871408316047617,0.5671433026047665,0.9909425349944865,0.10143811654856581,0.24176486899063088
401.0,0.12016479743648434,0.5303886925795054,1.0,0.34999999999999964,0.666666666666667,0.6224366706875754,0.23605947955390336,0.8996415770609321,0.3759259259259259,0.5,0.5,0.8982292757632808,0.33884951897398036,0.5326379121548512,0.06094500122279436,0.5468214641904189,0.277427619380448,0.5837188362662229,0.44174288264828054,0.2868474185174502,0.2530623055022182,0.8298714370202271,0.6326404491884862,0.5609969304254891,0.7023735560288826,0.914428660574951,0.08496931116955693,0.16425479104411994
411.0,0.14488441290913256,0.576678445229682,1.0,0.39999999999999947,0.583333333333333,0.5946924004825089,0.34572490706319703,0.8691756272401435,0.40555555555555556,0.0,0.6666666666666666,0.7805382916985308,0.36901474397939915,0.5045762663585047,0.0619709355517673,0.44689955418009014,0.420548470312823,0.5254559973621046,0.5104028047199295,0.5118257859821171,0.3133152353836986,0.7980948661058993,0.4107023657514089,0.3973977210886598,0.36156425232830297,0.960906954427073,0.08549549520356778,0.11247107182190837
421.0,0.16937514305333023,0.6141342756183745,1.0,0.39999999999999947,0.583333333333333,0.5934861278648974,0.34386617100371747,0.8243727598566309,0.4462962962962963,0.5,0.5,0.748505598368353,0.3273621411192116,0.6018400882673434,0.02355211704842883,0.4908954351276492,0.3474316305774809,0.6566006163534491,0.48987060653339465,0.3993366022497836,0.26511289147851425,0.7283249097669159,0.987274388652008,0.8164989025804411,0.9996004793608947,0.03996803834887215,0.060253376194378566,0.0948827151894859
431.0,0.19363698786907768,0.6643109540636043,1.0,0.4499999999999993,0.583333333333333,0.5633293124246079,0.3420074349442379,0.8888888888888891,0.40185185185185185,0.5,0.6666666666666666,0.7958857665548822,0.38514466355516774,0.5829975151985513,0.03609884866390626,0.5316835336413163,0.44866529826716595,0.535103132955907,0.5163997314634945,0.3993366022497837,0.6326557637555452,0.701313721699985,0.008839668173303228,0.00034747480833174915,0.00019278967364083632,0.02776706724035325,0.043791798416000095,0.10508206787384387
441.0,0.2137788967727169,0.7233215547703178,1.0,0.4499999999999993,0.583333333333333,0.4439083232810615,0.30855018587360594,0.9336917562724016,0.26481481481481484,0.5,0.5,0.8456288118460656,0.41028463647753427,0.5841965223107788,0.0305428920507977,0.5328971565013871,0.41543232349933534,0.5560752900517593,0.5069767295245926,0.3674646668589559,0.5663775408859167,0.667786354810997,0.19863270696909296,0.6134964259330543,0.09423282927425275,0.5843047258450758,0.04034574488816716,0.10882894131614747
451.0,0.2263675898374914,0.7706713780918728,1.0,0.5999999999999996,0.583333333333333,0.2870928829915561,0.2472118959107807,0.874551971326165,0.2074074074074074,0.5,1.0,0.8760245079118292,0.31482713168535,0.6029442196457572,0.04438474593838019,0.5229599552582519,0.2926535273062509,0.5744388065436635,0.5170738821491309,0.3393423709258725,0.2169105475733299,0.4393619543043004,0.75,0.803270100610711,0.8535533905932737,0.7071067811865477,0.07691787522489468,0.12875309677000557
461.0,0.2339208056763561,0.8159010600706715,1.0,0.5999999999999996,0.583333333333333,0.10253317249698429,0.20631970260223048,0.863799283154122,0.1648148148148148,0.5,0.5,0.9196846922219175,0.2873047453565302,0.5656026479459869,0.02131740840805289,0.5297728724974711,0.3618174287595571,0.5157451830387515,0.4978615210952039,0.35996538794346694,0.37959345825332724,0.1727457613159892,0.584750659461432,0.42715103158214296,0.6315587028960543,0.9647638212377322,0.09316808087590693,0.16518209524187094
471.0,0.23941405355916678,0.8600706713780919,1.0,0.6499999999999995,0.583333333333333,0.09047044632086851,0.1895910780669145,0.8584229390681005,0.4296296296296296,0.5,0.6666666666666666,0.9396193036657294,0.27664955231661276,0.6270286454093451,0.009020600785365117,0.5175869244673869,0.37898970902954177,0.6190987588424337,0.5034679107607136,0.38433804441880587,0.3976693372177713,0.17939908650027447,0.602416382349567,0.5231547246930189,0.6581138830084193,0.9486832980505135,0.10513263268557747,0.17547491403557938
481.0,0.24330510414282436,0.9024734982332154,1.0,0.6999999999999993,0.583333333333333,0.13510253317249696,0.1765799256505576,0.849462365591398,0.5166666666666666,0.5,0.6666666666666666,0.9552041879683486,0.2634239005815947,0.6432595612037705,0.008192840800540857,0.5153528140757696,0.376372756915539,0.5718051650160157,0.5094379002321275,0.38808768387655035,0.38561875124147527,0.1884061273739179,0.6974315432887466,0.5637518825970036,0.7906190968595482,0.813733471206735,0.11881046821324856,0.22523906056003112
491.0,0.2460517280842297,0.9236749116607774,1.0,0.7999999999999998,0.583333333333333,0.17370325693606753,0.16728624535315983,0.7419354838709679,0.5074074074074074,0.5,0.8333333333333333,0.9371670418109989,0.13299244818637865,0.5749667035554921,0.05794209506021032,0.49808383944825024,0.25704698506177615,0.4833567573074561,0.5357647803767657,0.3918373233342948,0.05422763689333249,0.33332344457468105,0.9735353239404101,0.6587969595144438,0.9982728791224398,0.08304547985374004,0.08366772453294861,0.2284049815947098
501.0,0.2435339894712748,0.9303886925795053,1.0,0.7999999999999998,0.583333333333333,0.21592279855247284,0.1245353159851301,0.6684587813620073,0.512962962962963,0.5,0.5,0.16704768234368023,0.04771803813049743,0.1815524225137264,0.06365375939242934,0.11179876142710404,0.30302080974811724,0.14313919436834377,0.51284187025253,0.35809056821459473,0.16870820366814546,0.20257540357744727,0.8372702101611986,0.4423635174142697,0.936071520556805,0.48925097428324466,0.14062722868351335,0.3679880393517314
511.0,0.23872739757381545,0.9275618374558305,1.0,0.7999999999999998,0.583333333333333,0.3172496984318456,0.10594795539033457,0.6200716845878137,0.6037037037037036,0.5,0.5,0.6158581002198797,0.04884327203075119,0.2279192386379753,0.030546656694079428,0.7378664649447483,0.39098321557516236,0.6033403448887362,0.4926355167885614,0.38246322468993366,0.25306230550221814,0.1482152459034076,0.8870936842796504,0.5400328473714628,0.9688743803618518,0.3473143558235939,0.22927718106088918,0.6202440654369036
521.0,0.23208972304875253,0.9141342756183743,1.0,0.7999999999999998,0.583333333333333,0.4390832328106152,0.09107806691449813,0.5663082437275987,0.6351851851851852,0.5,0.5,0.7925036164186634,0.10389679793616281,0.3668122982104438,0.03535532577014221,0.5980769068106992,0.4458869407493708,0.7001627957912284,0.5123718336512179,0.3862128641476781,0.234986426537774,0.26740750673474456,0.9170476823436804,0.5296042744280048,0.9831174698006231,0.2576626505603322,0.3684007630625198,1.0
531.0,0.2233920805676356,0.8939929328621907,1.0,0.7999999999999998,0.583333333333333,0.5247285886610373,0.07434944237918215,0.5322580645161291,0.5796296296296296,0.5,0.5,0.8128329581890013,0.14889644810204908,0.5744173665619454,0.02039784659492184,0.5177896661787064,0.4356512145653161,0.7720652620373878,0.5020829499813136,0.38433804441880587,0.3012646494074025,0.2935959066037164,0.8591879114336296,0.48351487113030855,0.9518689194467694,0.4280863447390445,1.0,0.3954413357242063
541.0,0.21400778210116733,0.8568904593639577,1.0,0.7999999999999998,0.583333333333333,0.5705669481302774,0.0687732342007435,0.446236559139785,0.5185185185185185,0.5,0.5,0.8815029915817802,0.2449985343227306,0.5152091175417615,0.04864143668175618,0.5426184515222506,0.48767797084783826,0.4928631853227065,0.5245704255583472,0.3955869627920392,0.1265311527511091,0.4830912202268572,0.9801314756944592,0.5773605074347505,0.9990262892414443,0.062378286155180526,0.4522924343981407,0.30792287256849654
551.0,0.20439459830624862,0.8031802120141343,1.0,0.7999999999999998,0.583333333333333,0.6103739445114595,0.06691449814126393,0.36200716845878145,0.5092592592592592,0.5,0.5,0.9141871312905969,0.34275159944989114,0.6039644397759119,0.04607705817664405,0.5241353475432433,0.48935881199409725,0.6476970473625888,0.5085339372694353,0.3993366022497837,0.13255644573925718,0.6758419550169228,0.9932284709159372,0.520756809941768,0.9998868650285325,0.02127178149057597,0.1423691657293296,0.1762835419849244
561.0,0.1956969558251317,0.7388692579505298,1.0,0.7999999999999998,0.583333333333333,0.6308805790108564,0.07434944237918215,0.3082437275985664,0.47962962962962963,0.5,0.5,0.9344809461949419,0.40410682691451927,0.6567517872106687,0.02951233618129917,0.5177714188409033,0.45230262494170553,0.6100589963157496,0.5012463310206886,0.4087107008941448,0.234986426537774,0.6557165571477064,0.0421924631588414,0.014727797338807413,0.004386049658682667,0.13216372009101815,0.13475877840286424,0.15898576950286772
571.0,0.18745708400091565,0.6540636042402828,1.0,0.7999999999999998,0.583333333333333,0.6465621230398069,0.07806691449814125,0.20430107526881724,0.4722222222222222,0.5,0.5,0.9526068577225104,0.527475097163331,0.6879836048274883,0.05631144894539345,0.5166579385455048,0.5154373346023342,0.5875025934002631,0.5238185310087087,0.4049610614364003,0.06627822286962853,0.4784110114573898,0.01097185561601094,0.49749654118375347,0.00029700032320623126,0.03446227583977888,0.07238515154064377,0.18244032987142572
581.0,0.18059052414740207,0.5798586572438162,1.0,0.7999999999999998,0.583333333333333,0.6357056694813027,0.08921933085501858,0.2580645161290323,0.43148148148148147,0.5,0.5,0.9548327646991335,0.4610683569091116,0.8495463653807441,0.02948571184509328,0.5084913652775804,0.3222297503422134,0.7238851034132254,0.4959051593666128,0.4124603403518892,0.596504005826657,0.4351528026839114,0.9371670418109989,1.0,0.9902903378454602,0.196116135138184,0.06684991621439514,0.1979811288406589
591.0,0.1787594415197985,0.5123674911660776,1.0,0.7999999999999998,0.583333333333333,0.6272617611580217,0.13011152416356878,0.29211469534050183,0.4351851851851852,0.5,0.5,0.9866754370328195,0.41550192851412604,0.621956583875007,0.027353165815275565,0.5237031523857165,0.34344701334684813,0.31666330889421446,0.508758719257646,0.44245745601384484,0.5302257829570284,0.12483477400389836,0.7267504659715642,0.4034448298333256,0.826809935173046,0.7568230077691599,0.12666297813052313,0.27581150831609946
601.0,0.1787594415197985,0.45830388692579516,1.0,0.6999999999999993,0.583333333333333,0.5681544028950543,0.1449814126394052,0.36021505376344093,0.3574074074074074,0.5,0.16666666666666669,0.0,0.3325450529961916,0.3209750635949411,0.45863238578316623,0.0005710527565551127,0.3053802629149447,0.23986382196699824,0.7343627764987253,0.4162099798096337,0.6447063497318415,0.1559761267741333,0.9339518997798446,0.6226332907763468,0.9892748924933745,0.2060104810498418,0.14344831740274905,0.2820535285040519
611.0,0.18677042801556432,0.4208480565371022,1.0,0.6999999999999993,0.583333333333333,0.43305186972255727,0.2100371747211896,0.44444444444444453,0.24074074074074076,0.5,0.5,0.10151465703880735,0.2426249778579589,0.4822296904956699,0.05261137983676265,0.559488133829778,0.2982911157517183,0.7235626624026391,0.29852244424494934,0.4668301124891837,0.6989339866251738,0.213782974045693,0.7962536129468158,0.44161131087941213,0.9010215551701979,0.597266145998167,0.21071081938416283,0.28050061177823304
621.0,0.19798580910963615,0.39469964664310964,1.0,0.6499999999999995,0.583333333333333,0.16525934861278646,0.23605947955390336,0.5017921146953406,0.037037037037037035,0.5,0.33333333333333337,0.1861723266546711,0.19290322284529504,0.47829967286648456,0.0316855188811647,0.5508300342408844,0.33921652685926823,0.5507081128305092,0.4989762250364629,0.42745889818286703,0.6085545918029531,0.2688865876846596,0.8687256792741287,0.5519200503993544,0.9580786674510946,0.40081883401970797,0.17635329485403461,0.25067549464809846
722.0,0.2460517280842297,0.4293286219081274,0.0,0.5499999999999998,0.833333333333333,0.5355850422195415,0.18362840001472266,0.651797437808297,0.5044371103777044,0.6485148514851485,0.466996699669967,0.6389827415450001,0.04987018784375981,0.4192691424432554,0.0070107234788092734,0.5303751083278433,0.37541979139547166,0.5487046246763116,0.5085970929554195,0.3959753064923732,0.4656793666790331,0.23920627076580794,0.10346571460222537,0.47411550194381913,0.026182161653568348,0.319353447231839,0.08189182174770371,0.14809035049351948
732.0,0.2565804531929504,0.4402826855123674,1.0,0.5499999999999998,0.833333333333333,0.5235223160434257,0.23048327137546468,0.6899641577060933,0.4296296296296296,0.5,0.5,0.6887585779792048,0.12056543262835462,0.48332859457829624,0.032448735695349055,0.5329139987149327,0.46181158072337114,0.6218544909045013,0.5231100366162353,0.4484717292034943,0.5440660599199032,0.4620230207659276,0.7232941758848184,0.8392022150233693,0.8226818615666054,0.7638754249638096,0.06887421291552145,0.11484076057194682
742.0,0.26115815976195933,0.45689045936395734,1.0,0.5499999999999998,0.833333333333333,0.519903498190591,0.1821561338289963,0.7186379928315414,0.4425925925925926,0.5,0.5,0.8719372171307054,0.1110186904783897,0.36928054587197545,0.028648659512305146,0.6014324547346492,0.3801182091315891,0.4354770469177148,0.5078907188994332,0.3524661090279781,0.5121499039925843,0.4620230207659276,0.3244027652986171,0.3045230687974865,0.2379512871678326,0.8516583167045438,0.050473061841869726,0.08676173048223718
752.0,0.26665140764477,0.4727915194346288,1.0,0.5499999999999998,0.833333333333333,0.5295536791314837,0.1895910780669145,0.7150537634408604,0.46296296296296297,0.5,0.5,0.8440417392452614,0.11084835099873051,0.5240798319994525,0.004308914150663283,0.493020395088909,0.38966420838711796,0.7168075852290283,0.49719919396952217,0.4087107008941448,0.4036946302059194,0.4620230207659276,0.35241638234956657,0.5285858577934853,0.27639320225002084,0.8944271909999156,0.05144250387477398,0.11935460169156827
762.0,0.2822156099794003,0.4985865724381624,1.0,0.4499999999999993,0.833333333333333,0.5476477683956573,0.27137546468401486,0.7652329749103943,0.4759259259259259,0.5,0.16666666666666669,0.7612828568714062,0.2168383344558165,0.48979545616504383,0.053241911934750016,0.4648414086586356,0.49774471637663126,0.5189443315780407,0.5353398939590727,0.4837034900490338,0.5844534198503608,0.9037960547042888,0.680395512726936,0.686023941599939,0.7684377460965797,0.8436614877321075,0.11237197629952032,0.09422648983319003
772.0,0.2982375829709315,0.5307420494699644,1.0,0.39999999999999947,0.833333333333333,0.5814234016887816,0.275092936802974,0.7974910394265234,0.5,0.5,0.33333333333333337,0.7912855998398474,0.24953601815461612,0.58488257269789,0.017863227484819732,0.5227581263688413,0.4231267350964197,0.6543228415131234,0.49145308913034674,0.4049610614364003,0.5242004899688804,0.8297029802498843,0.9647767125227227,0.6631413956279897,0.9969418673368095,0.1104315260748466,0.05044054812884982,0.07350257511712804
782.0,0.3156328679331656,0.5593639575971732,1.0,0.39999999999999947,0.833333333333333,0.5934861278648974,0.28624535315985133,0.7795698924731184,0.4666666666666667,0.5,0.5,0.7601338324020895,0.24141477331844188,0.5790651182311883,0.011079893801424637,0.49134789700091536,0.38156949026516274,0.5487330379358469,0.5063378422849167,0.4124603403518892,0.355492286300735,0.761716571772298,0.17202086962263058,0.09780176668720797,0.07125353714372784,0.5144957554275262,0.0358512980196417,0.06699349658873151
792.0,0.3332570382238499,0.587632508833922,1.0,0.39999999999999947,0.833333333333333,0.6067551266586247,0.28810408921933084,0.7777777777777779,0.4685185185185185,0.5,0.5,0.7560816143991835,0.2413364872123483,0.7469384821030899,0.001362996613292784,0.5052667896199929,0.38975792678493265,0.7304887226375012,0.5048108329123875,0.4030862417075281,0.40971992319406747,0.47772048988288274,0.25000000000000144,0.5548104547055889,0.14644660940672782,0.7071067811865507,0.037987663991714965,0.07440197423328529
802.0,0.35111009384298464,0.6148409893992934,1.0,0.34999999999999964,0.833333333333333,0.6079613992762364,0.2899628252788104,0.7724014336917564,0.44999999999999996,0.5,0.33333333333333337,0.7479464163230721,0.23822360874238732,0.6884981458713233,0.00303262526154965,0.5031696860743637,0.38666844593978383,0.49366675407772187,0.5107378672665569,0.4030862417075281,0.39766933721777137,0.3696023050234923,0.1024163823495664,0.436422955976788,0.02565835097474295,0.3162277660168371,0.03807883944088696,0.0763803661865123
812.0,0.362096589608606,0.6424028268551234,1.0,0.39999999999999947,0.916666666666667,0.6055488540410132,0.23420074349442377,0.7741935483870969,0.4444444444444444,1.0,0.6666666666666666,0.8244027652986172,0.19906195805344268,0.48927481798775024,0.027409885843243498,0.5466176652639887,0.3499676380857279,0.3463468825567163,0.5225578830031569,0.3449668301124892,0.4217705091703635,0.3416352680560623,0.4893935975944646,0.716989319342168,0.4833425848836808,0.9994449069791543,0.04705178702392324,0.08645377408566496
822.0,0.36873426413366894,0.6692579505300353,1.0,0.39999999999999947,0.916666666666667,0.6164053075995174,0.19888475836431227,0.7706093189964158,0.4648148148148148,0.5,0.5,0.8839677696628165,0.17680299927122636,0.500064621062666,0.017684676980980436,0.5379419191080473,0.36717605905820316,0.5661114088501288,0.504806506432228,0.36558984713008363,0.4036946302059194,0.38464610713433856,0.5333833664305252,0.5369710041249967,0.5523423922590214,0.994505452921406,0.05206647445666217,0.10828465858896108
832.0,0.36873426413366894,0.6872791519434627,1.0,0.4499999999999993,0.833333333333333,0.6272617611580217,0.1449814126394052,0.7258064516129034,0.4648148148148148,0.0,0.6666666666666666,1.0,0.11084835099873051,0.4067408695927911,0.03430351256142581,0.5669446616335138,0.3226900195811435,0.45716362120068976,0.5185193859077837,0.3468416498413614,0.26511289147851425,0.3507657895941163,0.726464473338562,0.6152221814616705,0.8264698110347314,0.7574099616005767,0.05925472367401242,0.1394719458123155
842.0,0.3643854428931105,0.699293286219081,1.0,0.4499999999999993,0.833333333333333,0.6332931242460795,0.10966542750929367,0.6953405017921148,0.4574074074074074,0.5,0.5,0.16220825581146925,0.08465485129104869,0.22181084298842724,0.09949618308532147,0.07704081615292624,0.36317035174528156,0.3613038548682015,0.5438035500646443,0.36558984713008363,0.31331523538369865,0.25295670374233126,0.7323342771118654,0.5169635899802959,0.8333974297349128,0.7452413135250994,0.08077948715464771,0.19302875019519244
852.0,0.35774776836804756,0.7021201413427562,1.0,0.5499999999999998,0.833333333333333,0.6344993968636912,0.09107806691449813,0.6487455197132618,0.44999999999999996,0.5,0.8333333333333333,0.4143213260070074,0.0653857862429333,0.299406694222877,0.02450597470729317,0.6368386132674991,0.37022003278282,0.6360194163176088,0.4708340814965571,0.38246322468993366,0.2590875984903662,0.25295670374233126,0.8831249387476566,0.5930258743157264,0.9666728031015297,0.358979079308869,0.0956883330660351,0.14299082175971486
862.0,0.3442435339894713,0.6915194346289752,1.0,0.5999999999999996,0.75,0.6658624849215922,0.03531598513011151,0.5806451612903227,0.4962962962962963,0.0,0.6666666666666666,0.6497343273957163,0.14386186540517137,0.3699617773397526,0.05863298365365256,0.6282611103458262,0.46973315169126495,0.6286517290542525,0.5276329247087845,0.3449668301124892,0.18678408263258958,0.5565555659437846,0.7872768711542051,0.4635765636542841,0.892441382766713,0.6196442885790209,0.07187254870659675,0.09547045787862057
872.0,0.32799267566948964,0.6724381625441695,1.0,0.6499999999999995,0.666666666666667,0.6863691194209891,0.013011152416356864,0.5376344086021506,0.47962962962962963,0.0,0.6666666666666666,0.7069738302976505,0.19388032532489952,0.5109332198677256,0.027039915553987368,0.5367474931558156,0.44076080252334404,0.702337682873708,0.4934236180240697,0.37871358523218923,0.27113818446666227,0.7500609969338384,0.8524163823495668,0.5480715298925208,0.9472135954999581,0.44721359549995765,0.05300958681068644,0.08369470104501024
882.0,0.31013962005035467,0.6385159010600707,1.0,0.6999999999999993,0.666666666666667,0.7020506634499396,0.0,0.46236559139784955,0.4722222222222222,0.5,0.6666666666666666,0.7828118950765028,0.2688467409372393,0.5146824205695674,0.04373043071396901,0.5463001016320719,0.46616000676431046,0.5587438950271731,0.5185566973174717,0.3880876838765503,0.16268291067999746,0.744526114039543,0.9474315432887466,0.5637518825970036,0.9931969619160719,0.16439898730535743,0.03504204288167041,0.06942336751417837
892.0,0.29800869764248106,0.6028268551236751,1.0,0.6999999999999993,0.666666666666667,0.7153196622436669,0.046468401486988845,0.45340501792114707,0.4685185185185185,0.5,0.5,0.8461758117158144,0.24791209136191406,0.5228023257884302,0.023774401586038642,0.5398931195202056,0.3685243218352603,0.5633175414623641,0.49948105211391813,0.4480819152004615,0.38561875124147527,0.6736677180019818,0.4371670418109988,0.24606846238916136,0.401941932430908,0.9805806756909201,0.039604721112333006,0.07226124572859075
902.0,0.2936598764019226,0.5646643109540637,1.0,0.6999999999999993,0.666666666666667,0.7189384800965017,0.10966542750929367,0.4408602150537635,0.45370370370370366,0.5,0.5,0.9445682632213857,0.23834256194990466,0.4833353386436997,0.03294841084841558,0.5578845040847051,0.3800950097027505,0.5135210796395661,0.5146441265018813,0.4649552927603115,0.3735681652651791,0.661759769440672,0.43536870000588634,0.5129389335028661,0.3991735396647563,0.9794570432566515,0.04664978776828467,0.09718531145431815
912.0,0.2936598764019226,0.5314487632508833,1.0,0.6499999999999995,0.666666666666667,0.7165259348612786,0.1449814126394052,0.46594982078853053,0.4444444444444444,0.5,0.33333333333333337,0.0,0.20430872537020922,0.2844637546538836,0.2693031997647808,0.022198173612684058,0.3551882020259269,0.3467149587328835,0.6328986586536511,0.43683299682722815,0.5000993180162883,0.7719960004550366,0.702135287865755,0.653896297018379,0.7965995190249251,0.8050558373533679,0.04715005372536317,0.1197045995024146
922.0,0.30006866559853507,0.5017667844522966,1.0,0.5499999999999998,0.75,0.7165259348612786,0.1970260223048327,0.48387096774193555,0.44814814814814813,1.0,0.16666666666666669,0.10241638234956668,0.19244963515360955,0.46242963519262736,0.027960628988024695,0.5599512787172064,0.37776403624687244,0.7410498581925696,0.38424259775499714,0.45370637438707817,0.475998146063696,0.8195677727212866,0.6091879114336295,0.4650990028610089,0.6681681984990782,0.9417419115948374,0.07553047610149376,0.17217874412252487
932.0,0.310826276035706,0.481625441696113,1.0,0.4499999999999993,0.75,0.7020506634499396,0.23234200743494424,0.5322580645161291,0.42592592592592593,0.5,0.16666666666666669,0.21948708579373644,0.16057422197549318,0.4365145651200236,0.029763109437295866,0.5674780430352485,0.35738566611840256,0.5277022435607507,0.5108070206852502,0.43683299682722815,0.5784281268622129,0.8616441108104026,0.8048100385726908,0.6165558459607978,0.9089032096503833,0.5754934061746136,0.10828962349624371,0.2421504610202734
942.0,0.32501716639963385,0.4703180212014135,1.0,0.4499999999999993,0.75,0.6622436670687575,0.26022304832713755,0.5770609318996417,0.387037037037037,0.5,0.5,0.34833570993704,0.15164718239594321,0.42391470655239233,0.027510387096800416,0.5735274282429753,0.3807491206318562,0.541635711127906,0.5086961638186843,0.42933371791173924,0.5663775408859167,0.8547429255713539,0.8279791303773694,0.5260431895938416,0.928746462856272,0.5144957554275265,0.17701386204199554,0.16236271250951245
952.0,0.34355687800411994,0.4646643109540636,1.0,0.34999999999999964,0.75,0.6007237635705669,0.2955390334572491,0.6057347670250897,0.3537037037037037,0.5,0.16666666666666669,0.437923120878807,0.17945505972602044,0.4676917001108594,0.025570239544770716,0.5533620519897415,0.4181484838846485,0.6006302708721475,0.5088588685396944,0.43683299682722815,0.5121499039925843,0.9536395425925441,0.7227828197011792,0.4586701013693955,0.8220678728913899,0.7649111981170508,0.09274775573629315,0.12558400745138523
962.0,0.3609521629663538,0.47137809187279145,1.0,0.34999999999999964,0.75,0.4969843184559711,0.28624535315985133,0.6684587813620073,0.28888888888888886,0.5,0.5,0.5779791303773694,0.1702696025935849,0.4265837024481774,0.033474710831682325,0.5792837746234007,0.38048602892662536,0.5118038732083576,0.5139832932237923,0.3918373233342948,0.6266304707673972,0.9473661683635328,0.045167235300866526,0.15823358588589992,0.00502525316941671,0.14142135623730945,0.06057193032498443,0.09356845109910931
972.0,0.37766079194323654,0.4862190812720846,1.0,0.34999999999999964,0.75,0.3848009650180941,0.2806691449814126,0.7096774193548389,0.2759259259259259,0.5,0.5,0.6661869221751938,0.18305181555238892,0.47060285442327493,0.023199951824805394,0.5526534508830728,0.4028510413637287,0.600883673264064,0.5045204488029504,0.3955869627920392,0.5543269549096207,0.9999999999999999,0.0412855998398472,0.5118455086036005,0.004199794406889112,0.12933918406776795,0.04491377023948506,0.09298578417850684
982.0,0.39185168230716416,0.5067137809187277,1.0,0.34999999999999964,0.75,0.24849215922798548,0.26022304832713755,0.7383512544802868,0.23888888888888887,0.5,0.5,0.7393935975944645,0.18452977395330433,0.4866099662105266,0.018832950890928492,0.5449485652892612,0.39134232001415864,0.5715709692712323,0.5075956172571326,0.38058840496106144,0.5121499039925843,0.970595460386616,0.1917140165981578,0.5928357486617909,0.08797903790031619,0.5665288228870653,0.04023586292345156,0.10030866580627805
992.0,0.40238040741588466,0.5321554770318022,1.0,0.34999999999999964,0.833333333333333,0.13510253317249696,0.23048327137546468,0.7634408602150539,0.274074074074074,1.0,0.5,0.8190330159190417,0.18570367178341682,0.4801988033581844,0.020612239776986317,0.5482525559316274,0.39103275971853346,0.5481117622968846,0.5107949487685068,0.37121430631670027,0.5000993180162883,0.6426058959547918,0.2711893046349464,0.5555957189593326,0.17074769606574097,0.7525766947068779,0.059967408874772914,0.13346387413057373
1002.0,0.4101625085831998,0.5600706713780916,1.0,0.34999999999999964,0.833333333333333,0.08805790108564535,0.20817843866171004,0.7759856630824374,0.3759259259259259,0.5,0.5,0.8706329726765358,0.18693338492676376,0.5164679662814321,0.013450286950399945,0.5338509048788223,0.39108958459661497,0.5927738342983493,0.5061407594607888,0.37871358523218923,0.4579222670992519,0.4290981168137359,0.33190868242483734,0.5457516054258408,0.24806448723795682,0.8637789008984333,0.07977099332842713,0.1579674275885887
1012.0,0.4165712977798123,0.5893992932862189,1.0,0.34999999999999964,0.833333333333333,0.09529553679131483,0.1970260223048327,0.7831541218637994,0.45925925925925926,0.5,0.5,0.8964344894794483,0.19038891542296757,0.5750306317447975,0.00701371092865868,0.520600289169111,0.39335566163494484,0.6161024757161012,0.5065183402351014,0.38996250360542256,0.4398463881348077,0.0,0.31283295818900103,0.5038708311302962,0.22264990188738526,0.8320502943378435,0.1050224118846917,0.24671448791259062
1022.0,0.42137788967727163,0.6173144876325087,1.0,0.34999999999999964,0.833333333333333,0.19541616405307596,0.18401486988847582,0.7759856630824374,0.6018518518518519,0.5,0.5,0.917298517505458,0.17766926119067686,0.5868239008821495,0.00764830080250888,0.5180642921681711,0.3768879066967692,0.5671614681624029,0.5101990979824087,0.38808768387655035,0.3916440442296233,0.0,0.6652493405385681,0.6988499297654904,0.7480694691784171,0.868243142124459,0.12747018399716292,0.3788346003616482
1032.0,0.4248111696040283,0.6356890459363955,1.0,0.39999999999999947,0.916666666666667,0.31363088057901084,0.17286245353159851,0.7275985663082438,0.6296296296296297,1.0,0.6666666666666666,0.9106065758397102,0.11763017593919418,0.6464847285783881,0.026649577687606247,0.5039109726055638,0.3287125809173222,0.6172516281609947,0.5197595193481644,0.38996250360542256,0.25306230550221814,0.0,0.9303955127269361,0.6530458154564756,0.9880935300919764,0.2169304578186562,0.19446959042488085,0.48000092797959903
1042.0,0.4268711375600823,0.6480565371024734,1.0,0.39999999999999947,0.916666666666667,0.4089264173703257,0.16171003717472118,0.6971326164874553,0.5944444444444444,0.5,0.5,0.9198845937360501,0.07854718933286543,0.5863426951654974,0.01736280146042565,0.512113476223201,0.3500477250125049,0.49188604316122936,0.5050347240051262,0.38996250360542256,0.31331523538369865,0.0,0.8919998065101323,0.4937306623204612,0.9714951667914448,0.3328201177351373,0.35672970710360147,0.3761135455796349
1052.0,0.4268711375600823,0.6480565371024734,1.0,0.39999999999999947,0.916666666666667,0.4246079613992762,0.1449814126394052,0.6344086021505377,0.4722222222222222,0.5,0.5,0.5,0.0,0.0,0.0,0.507348093126058,0.3098697097230575,0.5548206102665547,0.5098687745776088,0.38433804441880587,0.20485996159703376,0.0,0.9198845937360501,0.5285182409512518,0.9842464662984248,0.24904103981061843,0.0,0.2548239982391331
1062.0,0.4268711375600823,0.6480565371024734,1.0,0.39999999999999947,0.916666666666667,0.51145958986731,0.1449814126394052,0.6344086021505377,0.5814814814814815,0.5,0.5,0.5,0.0,0.0,0.0,0.507348093126058,0.3898376288985006,0.5548206102665547,0.5098687745776088,0.4012114219786559,0.4157452161822155,0.0,0.5,0.5138828002983729,0.5,0.0,0.16333380829377017,0.1931446117160871
1072.0,0.4268711375600823,0.6356890459363955,1.0,0.39999999999999947,0.916666666666667,0.5886610373944511,0.1449814126394052,0.5716845878136202,0.5666666666666667,0.5,0.5,0.0,0.07607239774422683,0.0,0.0,0.507348093126058,0.4672859934543933,0.5548206102665547,0.5098687745776088,0.4012114219786559,0.20485996159703376,0.478985174346984,0.0,0.5138828002983729,0.0,6.123233995736766e-17,0.10667302719886217,0.16484595910328073
1082.0,0.4268711375600823,0.6137809187279151,1.0,0.39999999999999947,0.916666666666667,0.617611580217129,0.1449814126394052,0.5232974910394266,0.4925925925925926,0.5,0.5,0.0,0.13475681886120183,0.0,0.02602621389302326,0.507348093126058,0.4495835101273321,0.5548206102665547,0.5098687745776088,0.4012114219786559,0.25306230550221814,0.6994241330402349,0.0,0.5138828002983729,0.0,6.123233995736766e-17,0.0622247094530961,0.12907188326207894
1092.0,0.4268711375600823,0.5869257950530036,1.0,0.4499999999999993,0.833333333333333,0.663449939686369,0.1449814126394052,0.4982078853046596,0.5185185185185185,0.0,0.6666666666666666,0.0,0.16518577795889253,0.0,0.013495073870456498,0.507348093126058,0.42081697472085766,0.5548206102665547,0.5033459335918796,0.4012114219786559,0.33139111434814283,0.5895803666360144,0.0,0.5138828002983729,0.0,6.123233995736766e-17,0.06396325432866104,0.12165184699461064
1102.0,0.43144884412909124,0.5646643109540637,1.0,0.4499999999999993,0.833333333333333,0.6827503015681543,0.1821561338289963,0.5215053763440861,0.47777777777777775,0.5,0.5,0.09784765468291007,0.1436647042361399,0.44211990277396035,0.021787512425764887,0.5576046850976011,0.3679272906846577,0.5548206102665547,0.514185242032509,0.43870781655610036,0.49407402502814013,0.6778999201639668,0.6834659308655369,0.8726025921478143,0.772494175297707,0.8384436163006371,0.08701855772127146,0.15756772975272643
1112.0,0.43739986266880304,0.5491166077738516,1.0,0.4499999999999993,0.833333333333333,0.7020506634499396,0.19330855018587362,0.5555555555555556,0.47777777777777775,0.5,0.5,0.16988459373605003,0.1110825004408256,0.44615552742795356,0.01825116930516215,0.5443477643456165,0.3566660913579293,0.5590436183057907,0.5080280000107994,0.4124603403518892,0.5302257829570284,0.8383038967491974,0.9026357312570952,0.6289149352236336,0.9767913325670707,0.30113136793709744,0.08948840882052349,0.19800379982895716
1122.0,0.4463263904783704,0.5371024734982333,1.0,0.4499999999999993,0.833333333333333,0.7032569360675511,0.21747211895910779,0.5734767025089607,0.44999999999999996,0.5,0.5,0.2717680492448188,0.11245615912401472,0.4186310485074066,0.015975004186660938,0.55967755639984,0.3912361337652553,0.5260181061381694,0.5086839611369713,0.4255840784539948,0.475998146063696,0.6854726931843089,0.7087144001601529,0.41210242415267806,0.8048553804248464,0.7926239891045999,0.12553767928875315,0.3414727972195582
1132.0,0.45548180361638824,0.5314487632508833,1.0,0.4499999999999993,0.833333333333333,0.7165259348612786,0.21933085501858735,0.6057347670250897,0.4685185185185185,0.5,0.5,0.3788810584091566,0.09363711980035397,0.39943476978650905,0.016276901491439066,0.5623635640012785,0.3706781983908541,0.5347330039324145,0.5100259213423518,0.4030862417075281,0.5242004899688804,0.6249320570550412,0.9823342771118654,0.6574932728521224,0.9992301766027062,0.05547001962252301,0.1472923193593026,0.17403675946279507
1142.0,0.4662394140535592,0.5314487632508833,1.0,0.5499999999999998,0.833333333333333,0.7237635705669481,0.23234200743494424,0.6344086021505377,0.45925925925925926,0.5,0.8333333333333333,0.5,0.10215436268510461,0.3964852118004011,0.0176477928579733,0.569557302404319,0.3985089282332098,0.5517340974821703,0.5105823653902969,0.4143351600807615,0.5121499039925843,0.6100481889238382,0.8687256792741288,0.4542548792445032,0.9580786674510946,0.40081883401970775,0.1374531374256898,0.138331880860039
1152.0,0.4779125658045319,0.5371024734982333,1.0,0.5499999999999998,0.833333333333333,0.7056694813027743,0.23977695167286245,0.6630824372759858,0.42037037037037034,0.5,0.5,0.5967665044011269,0.11617540119963947,0.42555137517141267,0.01685226582551778,0.5570493838106404,0.40411227429586244,0.5852363828196523,0.5094546784679802,0.4087107008941448,0.5121499039925843,0.693779406346142,0.9220208696226309,0.5418549913396732,0.9850712500726659,0.24253562503633266,0.07119208686936883,0.1280290173001245
1162.0,0.4909590295262073,0.5484098939929327,1.0,0.5499999999999998,0.833333333333333,0.6622436670687575,0.25092936802973975,0.6917562724014338,0.3814814814814815,0.5,0.5,0.6628333726162007,0.1420775655987699,0.47353605844291463,0.01740691319398883,0.5412814117066881,0.41620830118775104,0.6050333333490245,0.5101574854675338,0.4124603403518892,0.5121499039925843,0.49934090255647084,0.8857997487800918,0.49487200203848813,0.9681645887845223,0.3511234415883919,0.06027376598499559,0.1072366310984495
1172.0,0.501487754634928,0.5678445229681979,1.0,0.4499999999999993,0.833333333333333,0.6164053075995174,0.23048327137546468,0.7329749103942653,0.37777777777777777,0.5,0.16666666666666669,0.7782895284694387,0.15584140776999927,0.4351949614716337,0.0258015256164753,0.5666487777885848,0.40385042588895753,0.5146992474974389,0.514238426649974,0.3805884049610614,0.5543269549096206,0.2336354766091295,0.14199980651013233,0.12349646439014017,0.04893288918217681,0.4314554973040051,0.06354349942840638,0.11620020736850961
1182.0,0.5104142824444954,0.5925795053003531,1.0,0.4499999999999993,0.833333333333333,0.5790108564535584,0.21747211895910779,0.7598566308243728,0.3907407407407407,0.5,0.5,0.8381997028067921,0.17416480413542892,0.4983513616626495,0.01665488207947729,0.5381192055903637,0.40849245145823265,0.6209095081703682,0.5051076673489334,0.38808768387655035,0.5061246110044363,0.1817164818071007,0.13898274154500007,0.5122992818413257,0.046908430002367274,0.42288546533112376,0.0590091650700096,0.13249849507042502
1192.0,0.5154497596704052,0.6169611307420493,1.0,0.4499999999999993,0.833333333333333,0.5705669481302774,0.18587360594795538,0.7580645161290324,0.4351851851851852,0.5,0.5,0.9017533776302348,0.15740981446186486,0.4851647305233374,0.015795341295514142,0.5399905832730574,0.37277958173753956,0.541021693348785,0.5094213573558362,0.3693394865878281,0.40971992319406747,0.19951406967046786,0.5187025592412766,0.7131802455896354,0.5293610109757351,0.9982743731749959,0.08402394117989768,0.19533652190643644
1202.0,0.5168230716411079,0.630388692579505,1.0,0.39999999999999947,0.916666666666667,0.5790108564535584,0.15613382899628253,0.7025089605734768,0.4611111111111111,1.0,0.33333333333333337,0.9501520743616867,0.08361610212013851,0.4555127466095532,0.03320926822245694,0.5322066711008643,0.31470916568651475,0.523791816168148,0.5189332552295687,0.3712143063167003,0.2289611335496259,0.375591206634303,0.84833570993704,0.6868920606934212,0.9443103285274319,0.4586429197702523,0.12274657303595851,0.1390011445200687
1212.0,0.5168230716411079,0.6367491166077739,1.0,0.39999999999999947,0.916666666666667,0.5729794933655006,0.1449814126394052,0.6666666666666667,0.4388888888888889,0.5,0.5,1.0,0.03912294741131666,0.390559857287085,0.019918665485804437,0.5329510252305725,0.3445396999740494,0.4868518080864561,0.5029506100610874,0.38996250360542256,0.2952393564192545,0.35679959246591053,0.9072264209222576,0.5447918224346042,0.9789131426105757,0.2873478855663456,0.08338120566044334,0.09579666096412973
1222.0,0.5136186770428016,0.6367491166077739,1.0,0.39999999999999947,0.916666666666667,0.5790108564535584,0.11895910780669144,0.6344086021505377,0.4574074074074074,0.5,0.5,0.5,0.03042895909769073,0.18007253340053667,0.021545821587928865,0.2505376865076929,0.38098638723497,0.33455987317084107,0.5107157590095123,0.37496394577444475,0.30728994239555063,0.32890283670168174,0.7895834241605655,0.45213740904316313,0.8946761086881632,0.6139406135149205,0.04897509834688508,0.06885883290423997
1232.0,0.5120164797436485,0.6325088339222613,1.0,0.34999999999999964,1.0,0.6019300361881784,0.1319702602230483,0.6129032258064517,0.4833333333333333,1.0,0.33333333333333337,0.8319086824248374,0.03019518642299483,0.2131680662824292,0.013963887512001793,0.6778233005134346,0.38959962783806434,0.5894528452750162,0.5059221463975317,0.41433516008076143,0.3434417003244389,0.26482370446123993,0.16809131757516255,0.18769021476882797,0.06811054955078327,0.5038710255240861,0.042302335782549834,0.06652749000374715
1242.0,0.5120164797436485,0.6226148409893992,1.0,0.34999999999999964,1.0,0.6332931242460795,0.1449814126394052,0.5842293906810037,0.4962962962962963,0.5,0.5,0.0,0.06085791819538146,0.19522206533166248,0.07183808705507073,0.08006247912031628,0.4210549757812939,0.5360413349907343,0.5399940624696897,0.41433516008076143,0.3193405283718467,0.33980498867552417,0.1312743207258712,0.4945592541640775,0.041921332548905454,0.40081883401970775,0.03530097453371758,0.06586369199320884
1252.0,0.5152208743419547,0.6091872791519435,1.0,0.39999999999999947,0.916666666666667,0.6682750301568153,0.17100371747211895,0.5663082437275987,0.5018518518518518,0.0,0.6666666666666666,0.11236033017315594,0.08801992309551328,0.3904050915025213,0.01830257515833687,0.5650586972851419,0.4174909291749994,0.7590664357117837,0.48200190607537,0.42745889818286703,0.355492286300735,0.39735957083867096,0.30256845671125343,0.6037872037671612,0.20938090314045177,0.813733471206735,0.035999986860790444,0.06911489530526996
1262.0,0.5218585488670177,0.5975265017667846,1.0,0.39999999999999947,0.916666666666667,0.7056694813027743,0.19888475836431227,0.5752688172043012,0.5055555555555555,0.5,0.5,0.22949230007527066,0.09548556347005609,0.3936831966217399,0.015930868179716888,0.5675095107632023,0.3974383047614441,0.5582509253872197,0.508634228681671,0.42933371791173924,0.4458716811229557,0.3623092624725062,0.6024163823495667,0.6712591677425372,0.658113883008419,0.9486832980505138,0.03947582873705367,0.08230536510991722
1272.0,0.5330739299610895,0.5890459363957599,1.0,0.39999999999999947,0.916666666666667,0.7285886610373944,0.23605947955390336,0.5913978494623657,0.4833333333333333,0.5,0.5,0.35502542134784254,0.11859011168675984,0.4058195798162257,0.023134708921201112,0.5718245169622215,0.41336008285351966,0.5675205137986757,0.5136185936330657,0.43870781655610036,0.4699728530755479,0.4448188632473625,0.6345985850997453,0.5307737564535404,0.7051823386643989,0.9119215051751064,0.04348957992743674,0.10017461864676819
1282.0,0.5523002975509269,0.5830388692579505,1.0,0.4499999999999993,0.833333333333333,0.7503015681544029,0.3011152416356877,0.6039426523297492,0.48148148148148145,0.0,0.6666666666666666,0.43643864517351433,0.1862751667388487,0.4786383644686694,0.036708720857025465,0.5491636193556235,0.45874694389452586,0.6310205394870255,0.5169344622354215,0.4668301124891837,0.4579222670992518,0.6986982872471522,0.5628329581890011,0.47621632771390165,0.598058067569092,0.9805806756909201,0.06848160790569016,0.11961758910774135
1292.0,0.5765621423666744,0.5830388692579505,1.0,0.4499999999999993,0.833333333333333,0.7635705669481302,0.3420074349442379,0.6344086021505377,0.4685185185185185,0.5,0.5,0.5,0.23039069031108697,0.5165123675894742,0.028267918196495902,0.5399945278824659,0.43475109624686065,0.5944531909375418,0.50547507907605,0.4424574560138448,0.5181751969807323,0.8641709119698434,0.7094124470371621,0.590815623654208,0.8057237505378827,0.791285001392167,0.07887544822569817,0.08506390050891373
1302.0,0.6049439230945296,0.5911660777385157,1.0,0.5499999999999998,0.916666666666667,0.7587454764776839,0.3754646840148699,0.6756272401433693,0.4407407407407407,1.0,0.8333333333333333,0.5583779007790689,0.2741106424242393,0.5378186782162322,0.029547134877267713,0.5373321979992566,0.43434836985095815,0.5771162221674854,0.5105346459173226,0.43495817709835594,0.5543269549096206,0.6926314659082662,0.788627541489855,0.5554591553295856,0.893752500503793,0.6163082616581108,0.04017183241352527,0.06590822437936585
1312.0,0.6333257038223851,0.6017667844522967,1.0,0.5999999999999996,0.833333333333333,0.7599517490952955,0.3754646840148699,0.6881720430107527,0.44999999999999996,0.0,0.6666666666666666,0.575558569536993,0.2772891658778258,0.6394574557590255,0.006785635855953898,0.5161724421854539,0.39307364420079866,0.6611787112947639,0.49802071937708525,0.4012114219786559,0.4579222670992519,0.6673652477706802,1.0,0.6248224695565633,1.0,6.123233995736766e-17,0.037001142006711445,0.06119109947910731
1322.0,0.6578164339665827,0.6159010600706714,1.0,0.5999999999999996,0.833333333333333,0.7635705669481302,0.34386617100371747,0.7060931899641578,0.45370370370370366,0.5,0.5,0.6138741141555657,0.2482833956105036,0.564335600022952,0.018470503635479953,0.5270277543126576,0.36030721397137905,0.47621067304608905,0.5159511050222341,0.36933948658782806,0.475998146063696,0.7453303610382547,0.33074697266966735,0.16262270697592024,0.24648993671830316,0.8619342151577696,0.0366555381229977,0.06897009654775448
1332.0,0.6793316548409246,0.6335689045936397,1.0,0.5999999999999996,0.833333333333333,0.7708082026537997,0.3197026022304833,0.7240143369175629,0.45925925925925926,0.5,0.5,0.6556065372667436,0.23141365373936634,0.5515112673556729,0.015395649344886497,0.5287827342227605,0.37266275394855464,0.5414008141767055,0.5082682190371146,0.376838765503317,0.475998146063696,0.7996639346898684,0.29128559983984714,0.49317134299181803,0.19514461957515367,0.7926239891045999,0.035275580435644556,0.07658556482095327
1342.0,0.6937514305333029,0.6537102473498233,1.0,0.75,0.833333333333333,0.7708082026537997,0.2620817843866171,0.7365591397849464,0.44814814814814813,0.5,1.0,0.7340977487438236,0.18465773303806154,0.48092933350868367,0.0289445480799435,0.547662812996852,0.34223600598402004,0.4809613940072506,0.5169213900476595,0.3430920103836169,0.4579222670992519,0.6890852240226707,0.42930913508098684,0.5863249976282738,0.38986956428267827,0.9754410020677066,0.042893023342749054,0.09245810964943954
1352.0,0.7017624170290685,0.6798586572438163,1.0,0.75,0.833333333333333,0.7708082026537997,0.2100371747211896,0.7670250896057349,0.44814814814814813,0.5,0.5,0.859372867767366,0.17792167960506652,0.43938365457473033,0.031198373301247036,0.571692001637258,0.3829797364510897,0.5113458693835041,0.5110419594196673,0.3487164695702336,0.5181751969807323,0.6890852240226707,0.3263126016979031,0.4598246631654736,0.24051093287911796,0.8547875152217289,0.051080161689874226,0.14101628082863504
1362.0,0.7054245822842756,0.7091872791519436,1.0,0.75,0.833333333333333,0.7804583835946923,0.17472118959107807,0.7831541218637994,0.46296296296296297,0.5,0.5,0.9393826200873145,0.1837215823838277,0.47893353738194105,0.020641423413226515,0.5484427671794994,0.3957424379766701,0.5962068855933325,0.5043735598333908,0.36558984713008363,0.469972853075548,0.6890852240226707,0.35918791143362944,0.5311375363909986,0.2859568276304776,0.9037378388935386,0.06481666631308715,0.18221202472359735
1372.0,0.7029068436713207,0.7406360424028267,1.0,0.8499999999999996,0.833333333333333,0.784077201447527,0.1245353159851301,0.7939068100358424,0.45370370370370366,0.5,0.8333333333333333,0.03914316180481936,0.19491312977792286,0.284545162998924,0.24452691370718466,0.04496637045520946,0.40123160448261075,0.35140633412934386,0.6264080080048626,0.3505912892991058,0.45189697411110374,0.6890852240226707,0.4303955127269361,0.5512563909346826,0.391534771090672,0.9761870601839528,0.1257391141565333,0.11529919368613144
1382.0,0.6935225452048525,0.7558303886925792,1.0,0.8499999999999996,0.833333333333333,0.7961399276236428,0.0687732342007435,0.7114695340501793,0.4666666666666667,0.5,0.5,0.24242262482442822,0.12913572747671545,0.37315333005066853,0.04678345627495371,0.6117566562365153,0.3228704715059871,0.647543059424761,0.4069372674301406,0.3449668301124892,0.13858173872740515,0.5478912258961689,0.8160481002201555,0.7162940832376288,0.9188052984193071,0.5462677805469222,0.07560632262433717,0.0803540104007323
1392.0,0.6793316548409246,0.7558303886925792,1.0,0.9499999999999993,0.75,0.8190591073582629,0.029739776951672847,0.6344086021505377,0.4833333333333333,0.0,0.8333333333333333,0.5,0.13475681886120183,0.35717252816553957,0.0484253473802305,0.6396451940351175,0.39556039231410134,0.5380977827935982,0.510723429028546,0.36184020767233915,0.15665761769184933,0.40220781479443546,0.8553911544915919,0.5345321576424883,0.9492837579932158,0.43883529850500164,0.04650074310147261,0.06977933590160133
1402.0,0.6646829938200961,0.7459363957597172,1.0,0.9499999999999993,0.75,0.8769601930036187,0.02602230483271374,0.5842293906810037,0.537037037037037,0.5,0.5,0.6312743207258712,0.15183397842125643,0.4224807030927578,0.02878491721708761,0.5747733164943793,0.4072236732247639,0.6231611947836454,0.4996453310110386,0.39746178252091147,0.24703701251407012,0.3233194572742599,0.9773021290001396,0.5778682565221923,0.9987293499153675,0.07124704998790964,0.038459000313563224,0.06344461342361689
1412.0,0.6614785992217899,0.7173144876325088,1.0,0.9499999999999993,0.75,0.9131483715319662,0.11895910780669144,0.4892473118279571,0.5037037037037037,0.5,0.5,0.9455217068894606,0.17866357515811404,0.3640192647921818,0.07912481379219583,0.6687520911649176,0.41715250854709734,0.49364467219105823,0.5360722277355943,0.49495240842226707,0.09640468781036882,0.29455040476235006,0.2407314586205927,0.12729077627993357,0.13630317374526874,0.6862204268957193,0.037182425378310686,0.06075945161730393
1422.0,0.6660563057907988,0.6780918727915195,1.0,1.0,0.666666666666667,0.9493365500603135,0.1821561338289963,0.435483870967742,0.5037037037037037,0.0,0.6666666666666666,0.05674429436150269,0.24514310751790233,0.30447497014513086,0.3049927332472415,0.050853515717011466,0.45751961619456805,0.49251153632026395,0.6274399229112446,0.4649552927603115,0.234986426537774,0.28674761668771037,0.2698685243055408,0.52917550424394,0.1691891814565768,0.7498378553650925,0.035685087521644676,0.18221202472359732
1432.0,0.6868848706797895,0.6314487632508834,1.0,1.0,0.666666666666667,0.9867310012062726,0.31412639405204457,0.3978494623655915,0.5055555555555555,0.5,0.5,0.19212302361518513,0.34847198148298225,0.4883351725612497,0.08012671178516204,0.5768814261402895,0.4950354738107142,0.7472178670655876,0.3928191447395186,0.5343236227285838,0.28921406343110645,0.3624394678065873,0.40846177003506684,0.5866240124270796,0.3581857790701686,0.9589342558112416,0.03557652294213612,0.11529919368613144
1442.0,0.7349507896543831,0.6031802120141341,1.0,0.9499999999999993,0.75,0.9963811821471652,0.5353159851301116,0.4910394265232976,0.46296296296296297,1.0,0.33333333333333337,0.3841418997801203,0.4884327203075119,0.48735774622707656,0.1446665457008044,0.605972984458695,0.5323299210494588,0.5537977997673449,0.5434637286774735,0.6243149697144506,0.729060451565914,0.3233194572742599,0.6311339724606346,0.6307531847571867,0.7002074228278046,0.9163339737118747,0.03845900031356322,0.08035401040073228
1452.0,0.8010986495765621,0.5936395759717314,1.0,0.8499999999999996,0.75,0.9999999999999999,0.6821561338289963,0.5860215053763442,0.45370370370370366,0.5,0.16666666666666669,0.470347777841985,0.6308760136303702,0.5743502882300675,0.09865327620781444,0.5516252263219794,0.5348573789910749,0.6458524171687904,0.48591746291755433,0.5493221805595616,0.7350857445540622,0.29455040476235006,0.6880950563425594,0.5437790500320886,0.7785618155506475,0.8304295633396659,0.037182425378310686,0.06977933590160133
1462.0,0.8947127489127947,0.5968197879858657,1.0,0.9499999999999993,0.75,0.9227985524728588,0.9052044609665428,0.6505376344086022,0.3296296296296296,0.5,0.8333333333333333,0.5070032438105296,0.8891755030591961,0.6729991662891347,0.12322701204321784,0.5261751033663932,0.6528091351884131,0.6580499838637356,0.5226601543715456,0.6261897894433228,0.6326557637555452,0.28674761668771037,0.5927735790777423,0.463852946667024,0.6436739427831727,0.9578262852211514,0.03568508752164467,0.06344461342361689
1472.0,1.0,0.5999999999999999,1.0,0.8499999999999996,0.833333333333333,0.6308805790108564,1.0,0.6505376344086022,0.0,1.0,0.16666666666666669,0.5062270076406129,1.0,1.0,0.04916194464514334,0.5069494020732016,0.5026666745880218,0.8970048488902993,0.4713156456232649,0.49682722815113933,0.4157452161822155,0.3624394678065873,0.5,0.4651902210885354,0.5,1.0,0.03557652294213612,0.06075945161730393
