Time stamp,X-coordinate,Y-coordinate,Button status,Azimuth,Altitude,Pressure,x_dot,y_dot,pressure_dot,altitude_dot,azimuth_dot,path_tan_angle,path_velocity,log_curve,total_accelaration,path_tan_angle_dot,path_velocity_dot,log_curve_dot,total_accelaration_dot,x_dot_dot,y_dot_dot,min_max_v,angle_of_two,angle_of_two_dot,angle_of_two_sin,angle_of_two_cos,five_window,seven_window
0.0,0.0,0.8943637008153138,0.0,0.3076923076923066,0.0,0.0,0.41684665226781864,0.5145631067961165,0.7615658362989324,0.3333333333333333,0.5,0.5,0.0,0.0,0.0,0.5033593777983366,0.6784890679391189,0.42986446069708306,0.6281652804257388,0.5031420624291748,0.6844919786096256,0.0,0.5087449240680327,0.4927698693044562,0.5003646974952651,0.0,0.0,0.0
10.0,0.0,0.8943637008153138,1.0,0.23076923076922995,0.08333333333333348,0.010775862068965518,0.41684665226781864,0.5145631067961165,0.7793594306049823,0.6666666666666666,0.25,0.5,0.0,0.0,0.0,0.5033593777983366,0.6784890679391189,0.42986446069708306,0.6281652804257388,0.5031420624291748,0.6844919786096256,0.0,0.5087449240680327,0.4927698693044562,0.5003646974952651,0.0,0.09890759010593482,0.1753456338381991
20.0,0.0,0.8943637008153138,1.0,0.3076923076923066,0.08333333333333348,0.040948275862068964,0.41684665226781864,0.5145631067961165,0.8113879003558718,0.3333333333333333,0.75,0.5,0.0,0.0,0.0,0.5033593777983366,0.6784890679391189,0.42986446069708306,0.6281652804257388,0.5031420624291748,0.6844919786096256,0.0,0.5087449240680327,0.4927698693044562,0.5003646974952651,0.0,0.09750535664365781,0.17226144469305682
30.0,0.005663665408074392,0.9071251329315846,1.0,0.3076923076923066,0.08333333333333348,0.11422413793103449,0.5010799136069115,0.5844660194174758,0.8825622775800712,0.3333333333333333,0.5,0.7372743886520082,0.19271504951565674,0.0,0.0,0.5033593777983366,0.8951231537593609,0.42986446069708306,0.6281652804257388,0.6687613749527832,0.8770053475935828,0.35321169282413534,0.7501692057441423,0.4927698693044562,0.839752115916353,0.7348034446274879,0.08925822702680743,0.17229746204976615
40.0,0.017281440604124343,0.9188231123714994,1.0,0.23076923076922995,0.16666666666666696,0.19612068965517243,0.5896328293736501,0.5786407766990291,0.896797153024911,0.6666666666666666,0.25,0.6245341526630203,0.3142202159317535,0.3949002796953592,0.06595865301088526,0.446610522758082,0.8150749791855003,0.42986446069708306,0.6281652804257388,0.6772546730309169,0.6684491978609625,0.4645380737978975,0.48508875922020545,0.3530962616444482,0.4638502643069685,0.9973337235915658,0.08938568256253188,0.22136068806193857
50.0,0.03557943653790302,0.934420418291386,1.0,0.23076923076922995,0.16666666666666696,0.2823275862068965,0.6889848812095034,0.6,0.9039145907473309,0.3333333333333333,0.5,0.6069418104037874,0.48459457805036116,0.5594266408865898,0.06903940035152835,0.4945041073447138,0.8700096278410734,0.597704529672714,0.6301418025047403,0.6984879182262513,0.7433155080213903,0.7164167690258118,0.5847661978823712,0.5452909346746877,0.6167361229744469,0.9725788916544148,0.10174442635055947,0.355414572882298
60.0,0.05663665408074359,0.9503722084367248,1.0,0.38461538461538325,0.16666666666666696,0.28879310344827586,0.7300215982721383,0.6019417475728155,0.7722419928825622,0.3333333333333333,1.0,0.5957858855496665,0.551261512450096,0.6013970333596184,0.027785247065828383,0.49774393840500136,0.7534304408335657,0.4726801743408057,0.6016977594628944,0.5838283941714456,0.6898395721925134,0.8149760841870931,0.525775372401909,0.4616869979657962,0.5266632821314408,0.9986178293325098,0.16044780868693612,0.31721450552937064
70.0,0.07958176009294221,0.9670329670329669,1.0,0.38461538461538325,0.16666666666666696,0.30818965517241376,0.758099352051836,0.6058252427184466,0.7935943060498221,0.3333333333333333,0.5,0.5920337549917207,0.5985369990419549,0.6855638050759374,0.01913424427341221,0.5014707076952709,0.7316322025582054,0.5157264263300781,0.6226150368860837,0.5583484999370443,0.6951871657754011,0.7654381955655093,0.5581845424697032,0.5098465936120969,0.5764487444964702,0.9883716976506172,0.20150324680008017,0.2755421851646222
80.0,0.10862619808306712,0.9819213045019495,1.0,0.38461538461538325,0.16666666666666696,0.3254310344827586,0.8488120950323975,0.596116504854369,0.7900355871886121,0.3333333333333333,0.5,0.5658876617830444,0.7420330532236867,0.5615700915718045,0.06240938176089813,0.49019849658896,0.8397952897136974,0.30337340311580385,0.6559294088199831,0.6815013220699838,0.6577540106951871,0.5886429433090216,0.47036874235278087,0.44649882301371024,0.44121514065789624,0.9929882741949438,0.12818324679462006,0.21529560678374754
90.0,0.13607319198373513,0.9968096419709325,1.0,0.38461538461538325,0.16666666666666696,0.3448275862068965,0.8250539956803457,0.596116504854369,0.7935943060498221,0.3333333333333333,0.5,0.5696044872730639,0.7029929424438814,0.6977955034324199,0.01596971043730686,0.5052302767643779,0.6346034516867307,0.5688335739587828,0.5983708748600133,0.45642892299943905,0.6844919786096256,0.5703340177995092,0.5087449240680327,0.5129906732855648,0.5003646974952651,1.0,0.12757647560979818,0.22028794705492882
100.0,0.16250363055474876,1.0000000000000002,1.0,0.38461538461538325,0.16666666666666696,0.35560344827586204,0.8099352051835854,0.5320388349514563,0.7793594306049823,0.3333333333333333,0.5,0.5157277870992515,0.6616433467206657,0.5014096370878945,0.0477880313153756,0.47624003552101885,0.6320073225277016,0.22952320769390744,0.6485790329274709,0.4734155191557067,0.5080213903743315,0.5864028046442021,0.9497921082365662,0.7251621568870271,0.9898385195816934,0.20750420835506292,0.10686904104387525,0.20107962577240837
110.0,0.18312518152773744,0.9953917050691243,1.0,0.38461538461538325,0.16666666666666696,0.3448275862068965,0.7235421166306697,0.4893203883495146,0.7437722419928825,0.3333333333333333,0.5,0.4709399601358155,0.5177533740703573,0.4970670237015721,0.0645616944464077,0.4808150050850819,0.5167400360802099,0.4254343832005797,0.638926797635163,0.3332761008664995,0.5668449197860962,0.7493712906995965,0.6716043137914615,0.34618986551070274,0.7414998269423063,0.876215908676647,0.11264417900797966,0.20268225871448814
120.0,0.19706651176299744,0.9766040411201702,1.0,0.38461538461538325,0.16666666666666696,0.3900862068965517,0.6241900647948165,0.4116504854368932,0.8362989323843416,0.3333333333333333,0.5,0.3394313497988788,0.3981665296905978,0.40084621327344766,0.08141244630716836,0.43716328552401224,0.5440595733384286,0.3317056772521824,0.6389762556268459,0.3077962066320983,0.4705882352941176,0.7278365179969226,0.740557866310685,0.529102203762268,0.8286933616914378,0.7546055221635046,0.11234713230390303,0.19714707169279924
130.0,0.20665117629973867,0.9496632399858205,1.0,0.4615384615384599,0.25,0.42887931034482757,0.5593952483801297,0.36699029126213595,0.8256227758007118,0.6666666666666666,0.75,0.22762075740841586,0.36548520228817505,0.4063491062729301,0.053030927924108844,0.4470784675814098,0.64175146232394,0.4354781868739182,0.6099564851183008,0.37574259125716836,0.5614973262032086,0.6433707122671816,0.7205873254603077,0.48224718638283276,0.804802362783845,0.7936063612919161,0.11020546267467538,0.19195375139213408
140.0,0.21129828637815856,0.9170506912442395,1.0,0.4615384615384599,0.25,0.5086206896551724,0.48596112311015127,0.3359223300970874,0.8932384341637011,0.3333333333333333,0.5,0.10655004458783734,0.3536792210894709,0.3982763475629798,0.054057579477874707,0.44241729912336913,0.6652177746456263,0.42162910942029386,0.6288239515983758,0.35875599510090084,0.5989304812834224,0.6433707122671816,0.6511998544618807,0.45620889874686615,0.7134185027728457,0.9048187022009941,0.11190808021999277,0.2232406991607735
150.0,0.21129828637815856,0.8730946472881957,1.0,0.4615384615384599,0.25,0.5107758620689655,0.41684665226781864,0.27378640776699026,0.7651245551601423,0.3333333333333333,0.5,0.0,0.4502398101215903,0.4247884020351546,0.0716514137925347,0.44972641365021776,0.787034378665035,0.4569104916132076,0.639452996727057,0.3672492931790346,0.5133689839572191,0.791027859705259,0.763117386102049,0.5517403652786805,0.8541759681605227,0.7071067811865475,0.10278215741994025,0.24643447724112955
160.0,0.20795817600929428,0.8216944345976605,1.0,0.4615384615384599,0.25,0.5387931034482758,0.36717062634989206,0.23300970873786409,0.8078291814946619,0.3333333333333333,0.5,0.9499266424686515,0.5330723378087153,0.27979312719148675,0.6376847168960208,0.9815138615054201,0.7716024441740266,0.2819488515831382,0.9913165542334272,0.40546913453063654,0.5721925133689839,0.9365566104228561,0.7484058271010147,0.4850181978895222,0.837745283854124,0.7384854939281259,0.12396026715039285,0.5877822816829864
170.0,0.20098751089166428,0.7653314427507976,1.0,0.4615384615384599,0.25,0.5387931034482758,0.3131749460043197,0.2058252427184466,0.7615658362989324,0.3333333333333333,0.5,0.9066757123260818,0.6030574702785799,0.5105281753655607,0.04313717713419905,0.48158861651257334,0.757160480637409,0.6652467187148108,0.246720062944854,0.3969758364525028,0.6096256684491979,0.8936653656374314,0.6740803899976513,0.4536070337303266,0.7448445743860144,0.87250601594972,0.16354324615032914,0.35343950243972133
180.0,0.19009584664536744,0.7142857142857142,1.0,0.4615384615384599,0.25,0.5323275862068966,0.25485961123110157,0.2349514563106796,0.7508896797153025,0.3333333333333333,0.5,0.8471555409786031,0.5895262502521171,0.4859667462959237,0.04445868842012174,0.47339934138241935,0.6632784059392777,0.40480834252039494,0.6290131254274424,0.38848253837436897,0.7647058823529411,0.4857678639979226,0.3445073423323466,0.3191144482481162,0.257366119145355,0.8741572761215378,0.2632214979190666,0.4338952437433582
190.0,0.17644496079000876,0.663239985820631,1.0,0.5384615384615383,0.16666666666666696,0.5280172413793103,0.21382289416846656,0.2349514563106796,0.7544483985765125,0.0,0.75,0.8159132802848952,0.6243995137742999,0.5363848765511041,0.02822655646440683,0.4876332928945384,0.7176906641905975,0.4812980571030484,0.6177511946042644,0.42245573068690406,0.6844919786096256,0.4857678639979226,0.5087449240680327,0.5793083366082197,0.5003646974952651,1.0,0.16883545852936505,0.4262529672464497
200.0,0.16337496369445254,0.6196384260900389,1.0,0.5384615384615383,0.16666666666666696,0.41379310344827586,0.22246220302375813,0.2757281553398058,0.5729537366548043,0.3333333333333333,0.5,0.7989266260801962,0.5533978460432184,0.5714779207169157,0.030782939444543484,0.4948089861069838,0.5986749516088539,0.46566431009938425,0.6298053848692174,0.5201286585854423,0.7967914438502673,0.03598861972225876,0.956529217027619,0.7287120086485727,0.9918922371211791,0.18711210788999538,0.22363048946725067,0.49316553980727046
210.0,0.15059541097879764,0.5809996455157747,1.0,0.4615384615384599,0.25,0.05603448275862069,0.22678185745140392,0.3029126213592233,0.17081850533807819,0.6666666666666666,0.25,0.7838038548070486,0.5086593595916601,0.5737709446091124,0.020354826260603538,0.4957471890596985,0.628197815970096,0.43220366813741373,0.6214748921298647,0.5116353605073085,0.7593582887700534,0.03915395295656136,0.971532644749061,0.500675329343474,0.9957004764266256,0.141421356237309,0.2246894198373378,0.5475074411525801
321.0,0.1369445251234389,0.8787663948954272,0.0,0.3076923076923066,0.25,0.35991379310344823,0.39855622361021936,0.6615061663605353,0.8067711839953833,0.3333333333333333,0.45495495495495497,0.03547281176861472,0.276490932861819,0.4226418779850553,0.024892344438977268,0.46942429237392164,0.6549769723070095,0.4159750065586752,0.6284275458184441,0.5335693148574537,0.7734622901554539,0.04608633347048731,0.8857849604706292,0.4886994787791032,0.9599249945376702,0.3955355192810553,0.25946203068990065,0.44982919522755216
331.0,0.14754574498983447,0.9120879120879122,1.0,0.1538461538461533,0.25,0.35129310344827586,0.5745140388768899,0.6970873786407767,0.7473309608540926,0.3333333333333333,0.0,0.789817992936221,0.43214599940175924,0.28127555136752846,0.41466911442547155,0.8830660988360364,0.8534634310099665,0.2856508900660567,0.8782352493571659,0.849110055765047,0.7824830177771354,0.037257260028904234,0.580400588176024,0.33185970953707855,0.6101661675989019,0.9756253494872296,0.21855282427832318,0.3347623577671558
341.0,0.14754574498983447,0.913860333215172,1.0,0.1538461538461533,0.25,0.35775862068965514,0.41684665226781864,0.5242718446601942,0.7722419928825622,0.3333333333333333,0.5,1.0,0.01815483105328993,0.14539719260843031,0.16579257536904485,0.609156462098366,0.21311493904661472,0.29124939049617393,0.4684929931528,0.19313668257729244,0.20855614973262027,0.027811370706095358,0.7950018404638781,0.605845471479034,0.887237971309125,0.6341834744340813,0.2573306972089823,0.37068127190652583
351.0,0.14754574498983447,0.91173342786246,1.0,0.3076923076923066,0.25,0.3620689655172414,0.41684665226781864,0.5029126213592233,0.7686832740213523,0.3333333333333333,1.0,0.0,0.021785797263947918,0.04646914063290302,0.027436305620358644,0.0,0.68257069543872,0.3289439094433043,0.5393997337290464,0.5031420624291748,0.6256684491978609,0.030527173236141014,0.0,0.07387524086226005,0.0,6.123233995736766e-17,0.21075790888263335,0.3530751346736387
361.0,0.14391519024106886,0.8830202056008507,1.0,0.3076923076923066,0.25,0.36637931034482757,0.3628509719222463,0.3572815533980582,0.7686832740213523,0.3333333333333333,0.5,0.9047087681099343,0.3077980143965307,0.24385181045799784,0.3684409612928991,0.9587530204028527,1.0,0.631222593692757,0.8469444130365892,0.3969758364525028,0.28342245989304804,0.4036918346958247,0.9132822188125596,0.9739876429502696,0.9750523289431209,0.31622776601683794,0.1703279379952121,0.34237794121124054
371.0,0.13883241359279702,0.8323289613612195,1.0,0.3076923076923066,0.25,0.3771551724137931,0.34125269978401734,0.23689320388349516,0.7793594306049823,0.3333333333333333,0.5,0.9235940522970942,0.5345541948311714,0.5613802092639241,0.09165537638356253,0.5128654626963302,0.9333893363717476,0.7537881649074021,0.4505873231212464,0.460675572038506,0.35294117647058815,0.6838121761840583,0.9656976531131694,0.5203880995505381,0.9943453022155353,0.15923243882462046,0.11931590974526572,0.34548759368711235
381.0,0.12852163810630268,0.7671038638780574,1.0,0.3076923076923066,0.25,0.3879310344827586,0.26349892008639314,0.15728155339805833,0.7793594306049823,0.3333333333333333,0.5,0.8827773125085199,0.7161108615190093,0.5270285583856996,0.0814452313170667,0.4828138890546032,0.8825798362072959,0.39482093690501074,0.6216147344307775,0.3502626970227671,0.46524064171123003,0.9160630135154252,0.7841188802557395,0.3970941504347727,0.876358858388445,0.6598011732150955,0.14693859449971328,0.4704297094031134
391.0,0.11516119663084523,0.6979794399149237,1.0,0.3076923076923066,0.25,0.42025862068965514,0.21814254859611237,0.13592233009708743,0.8149466192170819,0.3333333333333333,0.5,0.8596794550983449,0.7828838058070037,0.5743216189455429,0.03509455773528046,0.49173285466387623,0.7535496082534882,0.4781100457143482,0.598427973343663,0.4139624326087703,0.6256684491978608,0.8184348427610516,0.6650199200370545,0.4300154049128423,0.732537417019286,0.8858315352801551,0.23164394435851607,0.34283189835913436
401.0,0.09962242230612839,0.6256646579227225,1.0,0.38461538461538325,0.16666666666666696,0.43318965517241376,0.18574514038876896,0.11844660194174761,0.7829181494661922,0.0,0.75,0.8462363844812457,0.8364236262393069,0.6179465347442901,0.02567682303237035,0.4965926821368145,0.738674040952291,0.47436802124327043,0.6221231229502105,0.4394423268431716,0.6363636363636364,0.6897493297067171,0.6837744125765969,0.5026518038914121,0.757800210522357,0.8574929257125445,0.18085160651274845,0.29237504099261513
411.0,0.08364798141155971,0.5515774548032613,1.0,0.38461538461538325,0.16666666666666696,0.4806034482758621,0.17926565874730027,0.10873786407766994,0.8398576512455516,0.3333333333333333,0.5,0.8457858855496665,0.8575616580533536,0.8636271439628053,0.008475615733935935,0.5031326149364381,0.7022506693790892,0.6804932967003465,0.6171294627323151,0.49040211531197414,0.6577540106951871,0.3672039158671579,0.8424603596275007,0.5763831233191891,0.9294238858737519,0.5144957554275275,0.16512132277027458,0.2785965020159618
421.0,0.06854487365669476,0.4835164835164836,1.0,0.38461538461538325,0.16666666666666696,0.49784482758620685,0.19222462203023763,0.14174757281553402,0.7900355871886121,0.3333333333333333,0.5,0.841983729864648,0.7928487225831798,0.7048041467613071,0.026180904018961962,0.5014455270784333,0.6057442166596838,0.26784262655323804,0.6395245025043451,0.528621956663576,0.7754010695187165,0.18527284645098993,0.9076007476633943,0.5270930082634231,0.9722037704994269,0.3328201177351373,0.15131623915522838,0.24770913992717458
431.0,0.05721754284054609,0.4275079758950726,1.0,0.38461538461538325,0.16666666666666696,0.5323275862068966,0.24838012958963288,0.20776699029126217,0.8185053380782918,0.3333333333333333,0.5,0.8540321546959587,0.6397923196327396,0.6065659404859342,0.06203156011970453,0.5094240654248752,0.5064359043930647,0.3296476492516739,0.6511660674084895,0.6135549374449137,0.8663101604278074,0.19687638583438222,0.806047789034025,0.4392605732159923,0.8978333142958941,0.6074501075707973,0.14978970577849368,0.22754399043505832
441.0,0.04792332268370608,0.38000708968450914,1.0,0.38461538461538325,0.3333333333333335,0.5581896551724138,0.27861771058315343,0.254368932038835,0.8042704626334519,1.0,0.5,0.8581683444970387,0.5391954259051844,0.6710662781531161,0.04036708519546967,0.505441367723064,0.5654064822054372,0.49566389274328526,0.614265953969196,0.5625951489761112,0.8128342245989305,0.23360732217346228,0.8464586389435222,0.5140627608378832,0.9325691659461024,0.5038710255240859,0.13139780931162798,0.21535341057846574
451.0,0.04429276793494047,0.35342077277561157,1.0,0.38461538461538325,0.3333333333333335,0.5581896551724138,0.3628509719222463,0.36893203883495146,0.7615658362989324,0.3333333333333333,0.5,0.8975836176504333,0.2870530833197496,0.46388304874131275,0.10193206384474733,0.5231994251685809,0.3950518064494174,0.21850837609582396,0.6676636638173973,0.6687613749527832,1.0,0.2311877525386426,0.8283193828641828,0.48321210912224194,0.9177785224618829,0.5514330137492123,0.11340332753849307,0.19510990456754573
461.0,0.04545454545454547,0.34065934065934056,1.0,0.38461538461538325,0.3333333333333335,0.5905172413793103,0.4341252699784018,0.4446601941747573,0.8149466192170819,0.3333333333333333,0.5,0.06960448727306395,0.1339034176083584,0.19043988921546953,0.1523119924962913,0.08658831790157612,0.5063310662239104,0.15091391184012448,0.6604876458481206,0.6432814807183819,0.893048128342246,0.17255534083888371,0.7900449253268913,0.4726026648366587,0.8823362452460163,0.6459422414661738,0.10658361585956956,0.18520458451852653
471.0,0.049811211153064194,0.3371144984048209,1.0,0.38461538461538325,0.3333333333333335,0.6077586206896551,0.48164146868250546,0.49514563106796117,0.7900355871886121,0.3333333333333333,0.5,0.39758361765043326,0.11482123332789984,0.2459055351333739,0.04797191939758983,0.6684507487959288,0.6570384777675677,0.48644723423705477,0.5612235823891956,0.5965683412886462,0.8235294117647058,0.1418481061681998,0.7900449253268913,0.4927698693044562,0.8823362452460163,0.6459422414661738,0.0997328645396873,0.17797388904048375
481.0,0.060702875399361034,0.3424317617866004,1.0,0.38461538461538325,0.3333333333333335,0.6616379310344828,0.5788336933045357,0.5436893203883495,0.8505338078291815,0.3333333333333333,0.5,0.5628329581890013,0.27771551342011686,0.35856939902138557,0.0870800686205803,0.5865391830334157,0.8616011473631856,0.5447974753769997,0.6532559846806325,0.6942412691871844,0.8181818181818181,0.3206106639674424,0.6729825058037189,0.43108847910529496,0.7433632758451753,0.8741572761215378,0.09824068106152523,0.2223497728048781
491.0,0.08103398199244849,0.3615739099610067,1.0,0.38461538461538325,0.3333333333333335,0.6724137931034483,0.7192224622030239,0.6194174757281553,0.7793594306049823,0.3333333333333333,0.5,0.6171796639212639,0.5448385487152294,0.4868358684455697,0.11322928349512344,0.5307153017811177,0.9787663669778927,0.5607143313168631,0.6449418916934775,0.7791742499685221,0.893048128342246,0.6043632006839647,0.6837744125765972,0.49845623573496645,0.7578002105223574,0.8574929257125441,0.09480027491847072,0.3018937882555888
501.0,0.1077548649433634,0.390287132222616,1.0,0.38461538461538325,0.3333333333333335,0.6875,0.8142548596112311,0.6718446601941748,0.7864768683274022,0.3333333333333333,0.5,0.6319996054545934,0.7299687101050061,0.6011664520062123,0.07534713062311357,0.5108191343475611,0.8865968590598631,0.5464977642716911,0.6038611414384736,0.6899946201481175,0.8288770053475936,0.8097191857633974,0.687002316438102,0.49447068497542773,0.7620635501269235,0.8523227286486657,0.15273377625753617,0.42479949436922865
511.0,0.14072030206215513,0.422545196738745,1.0,0.38461538461538325,0.3333333333333335,0.689655172413793,0.9071274298056157,0.6912621359223301,0.7651245551601423,0.3333333333333333,0.5,0.6213606347001913,0.8879921133704073,0.6390446915081015,0.06436375946449958,0.4980041520989861,0.8561257164034746,0.4685056017558291,0.6211186540080277,0.6857479711090507,0.7379679144385026,0.7975267809201808,0.5827497478783432,0.4378381210389389,0.6137040537295506,0.9740080270391965,0.18474324590968721,0.26999934175782886
521.0,0.17629973860005815,0.45515774548032617,1.0,0.38461538461538325,0.3333333333333335,0.6875,0.9460043196544277,0.6932038834951456,0.7580071174377224,0.3333333333333333,0.5,0.6143426080468142,0.9502384948524968,0.6737902274170123,0.026291115124831486,0.49982678826872057,0.7484612262208984,0.46530980271597466,0.603738927394264,0.5795817451323787,0.6898395721925134,0.7333100016042766,0.5267196177666946,0.4632470187397431,0.5281199370837452,0.9984603532054124,0.16054009603263203,0.23561498476190268
531.0,0.21347661922741795,0.488124778447359,1.0,0.3076923076923066,0.3333333333333335,0.7004310344827586,0.9697624190064795,0.6951456310679611,0.7829181494661922,0.3333333333333333,0.25,0.6109174121953562,0.9889634879447295,0.7281765899616143,0.016076522800113097,0.5016352733457093,0.7220204553321385,0.4853462131331553,0.6216118811932037,0.5498552018589106,0.6898395721925135,0.5349358238793772,0.5381075834040591,0.4987703052677149,0.5456655886763386,0.9958932064677037,0.12937851640357276,0.22134869312738648
541.0,0.2452802788266047,0.5083303792981213,1.0,0.3076923076923066,0.3333333333333335,0.7004310344827586,0.8898488120950325,0.625242718446602,0.7615658362989324,0.3333333333333333,0.5,0.5810495485159702,0.8216740953996043,0.5593341247274702,0.07373688175237454,0.4883251085205153,0.4904363719378525,0.2576213574901985,0.6651585680766847,0.3460160479837001,0.4919786096256684,0.5400313171604265,0.7586809912903175,0.6089922615530454,0.8492965010041429,0.7167259309091054,0.12465623560181067,0.2118915681740172
551.0,0.27388905024687776,0.5154200638071607,1.0,0.3076923076923066,0.3333333333333335,0.7047413793103448,0.8423326133909288,0.5533980582524272,0.7686832740213523,0.3333333333333333,0.5,0.5322053812170556,0.7189771537815753,0.5144208365842137,0.06033670783767184,0.4787732081376771,0.5630457846051465,0.38404657883725885,0.6195681003663897,0.40971578356970345,0.4866310160427807,0.5884253301006771,0.8437506997237623,0.5375939717054279,0.9304461120910474,0.5110753928771498,0.11366838154925044,0.19614991917934188
561.0,0.30031948881789144,0.5136476426799008,1.0,0.3076923076923066,0.3333333333333335,0.7004310344827586,0.8099352051835854,0.5048543689320388,0.7544483985765125,0.3333333333333333,0.5,0.4912574219216525,0.6610851828507719,0.5210559325465743,0.0411825590008201,0.4827478384852909,0.613411772572481,0.436633193415168,0.6158765095872268,0.4394423268431716,0.5508021390374331,0.6299198705601539,0.8424603596275011,0.4920899758656284,0.9294238858737522,0.5144957554275265,0.10389058370770586,0.18660320091380844
571.0,0.3186174847516701,0.49875930521091805,1.0,0.3076923076923066,0.3333333333333335,0.7004310344827586,0.6889848812095034,0.43300970873786404,0.7615658362989324,0.3333333333333333,0.5,0.39758361765043326,0.48224917997717925,0.43897102559991036,0.09139188627994795,0.45620778996437256,0.47745664161000956,0.3461262904486508,0.6603781927375587,0.2653297162414295,0.4866310160427807,0.8635176794500717,0.6978471616017728,0.41657169117259363,0.7761943723576823,0.8343353206613013,0.10248785364572009,0.2047446925194656
581.0,0.33154225965727563,0.4750088621056363,1.0,0.1538461538461533,0.3333333333333335,0.6982758620689655,0.6090712742980562,0.3844660194174757,0.7580071174377224,0.3333333333333333,0.0,0.29459576394684417,0.40449028774580686,0.41953490688291484,0.06093822055629974,0.4515194758373119,0.59107904689886,0.4100368811988199,0.6086270528355604,0.3460160479837002,0.5508021390374331,0.823820193628628,0.701197122015914,0.49453499782561655,0.7804975817298572,0.8285889686914202,0.10088815607711872,0.2070231193949073
591.0,0.34098170200406624,0.445232187167671,1.0,0.1538461538461533,0.3333333333333335,0.7004310344827586,0.5572354211663068,0.35145631067961164,0.7651245551601423,0.3333333333333333,0.5,0.20962803107882388,0.38565237214671233,0.4299234186171282,0.041893269456645114,0.4605900726489547,0.6573130641198781,0.440462206331279,0.6159465678278685,0.40122248549156964,0.5935828877005347,0.635884871054109,0.7083493751802137,0.49653846489668235,0.7895841693618371,0.816024481101655,0.11625428339656618,0.2081911175631065
601.0,0.3449027011327331,0.4094292803970223,1.0,0.1538461538461533,0.3333333333333335,0.7198275862068966,0.4751619870410368,0.31844660194174756,0.7935943060498221,0.3333333333333333,0.5,0.08314844202224925,0.3796053184015397,0.40021801991033906,0.060428712297800516,0.4396946905466299,0.6716914775937686,0.39956076874281254,0.6400571066512437,0.3417693989446333,0.5935828877005348,0.635884871054109,0.6449881403031787,0.45938418440344087,0.7046966576036466,0.9128182518949206,0.1222052705560702,0.22580430204690716
611.0,0.34345047923322686,0.36618220489188236,1.0,0.3076923076923066,0.3333333333333335,0.7176724137931034,0.3952483801295897,0.2776699029126214,0.7580071174377224,0.3333333333333333,1.0,0.9739672231138738,0.4444634874701556,0.27135110602684687,0.49860532415526215,0.9517613651796895,0.7513971786417696,0.2984020521305775,0.9092872459997009,0.3460160479837002,0.5721925133689839,0.7445301572915821,0.6759402051124196,0.5090788298978308,0.7473474739210515,0.8696859152361966,0.12898506215548136,0.2671665985265456
621.0,0.33851292477490563,0.31832683445586674,1.0,0.3076923076923066,0.3333333333333335,0.752155172413793,0.34341252699784025,0.2524271844660194,0.8185053380782918,0.3333333333333333,0.5,0.9214663233436274,0.505487357594827,0.483933454617419,0.041359597313059826,0.4769325575561325,0.7470869815472999,0.6467284075570773,0.3348090993751871,0.40122248549156964,0.6149732620320855,0.8193649387580427,0.6695248747710796,0.48938956591031374,0.7386799710369514,0.879291966536774,0.14514779702759104,0.3097184701371141
631.0,0.3311065930874238,0.25700106345267626,1.0,0.23076923076922995,0.4166666666666665,0.7780172413793103,0.306695464362851,0.1786407766990291,0.8042704626334519,0.6666666666666666,0.25,0.9087478055005507,0.6548837875640523,0.6043531248684514,0.06071466923772522,0.4969573925703285,0.84642799700839,0.552709490603654,0.640582957946732,0.4309490287650378,0.481283422459893,0.9864099048661523,0.8812466319009196,0.6043282359294739,0.9571067259728239,0.4083660600582537,0.1471791833014869,0.3405442241875791
641.0,0.3197792622712751,0.20311946118397728,1.0,0.23076923076922995,0.4166666666666665,0.7823275862068966,0.24838012958963288,0.2194174757281554,0.7686832740213523,0.3333333333333333,0.5,0.849083416348156,0.620332273223289,0.48945112137360486,0.048557413582288156,0.47332674799786933,0.6396491551158697,0.312648228280699,0.6203655222612081,0.38848253837436897,0.7967914438502675,0.9291390890161827,0.29464819427185557,0.1836851325546371,0.19317048813381438,0.7893522173763261,0.1875673594242529,0.45062954188412013
651.0,0.3058379320360151,0.1542006380716059,1.0,0.07692307692307665,0.3333333333333335,0.7564655172413793,0.20950323974082077,0.24660194174757283,0.7188612099644128,0.0,0.0,0.8065306157946845,0.6103912315099922,0.5125650167062555,0.03290618369213653,0.48194002658816454,0.6673141831074806,0.45344389051513206,0.6181238852638249,0.4267023797259709,0.7593582887700534,0.8590729703461256,0.29464819427185585,0.4927698693044563,0.1931704881338147,0.7893522173763267,0.274020673519272,0.5691245446008488
661.0,0.2905896020911996,0.09961006735200284,1.0,0.23076923076922995,0.4166666666666665,0.7693965517241379,0.19006479481641472,0.21553398058252426,0.7829181494661922,0.6666666666666666,1.0,0.8095173501266169,0.6767735312913464,0.7107717367784391,0.026694537764028765,0.504862778533307,0.7531104784824122,0.6320632410474385,0.6241800606182353,0.46492222107757286,0.5989304812834224,0.8440012368133232,0.8515386470590057,0.7862011639630486,0.9364703274728634,0.49026123963255924,0.3323852210361175,0.47396724541666546
671.0,0.2731629392971246,0.058135412974122724,1.0,0.23076923076922995,0.4166666666666665,0.7737068965517241,0.1576673866090713,0.28737864077669906,0.7686832740213523,0.3333333333333333,0.5,0.7459709761163376,0.608541704349638,0.48354583116189975,0.05577735934940794,0.471372714515182,0.6017885741763778,0.19806202250055324,0.6468240124239182,0.4394423268431716,0.8823529411764706,0.9386336110897582,0.12474368763577065,0.10981414645529614,0.03665708389367772,0.37570510873921814,0.4068486788217287,0.5250939959697476
681.0,0.2544292767934941,0.02587734845799372,1.0,0.23076923076922995,0.4166666666666665,0.7780172413793103,0.13822894168466526,0.3378640776699029,0.7686832740213523,0.3333333333333333,0.5,0.6955563962840687,0.5732098613552553,0.4958754607532698,0.038997413104548795,0.4779827262620012,0.6387719751294545,0.44244242003488327,0.6173997321446847,0.46492222107757286,0.8235294117647058,0.9095052701456705,0.10793019042200719,0.48391066507410657,0.027527026721091974,0.32711056388316645,0.26980222472257115,0.6047744795516019
691.0,0.23467905896020919,0.007089684509039351,1.0,0.23076923076922995,0.4166666666666665,0.7780172413793103,0.12311015118790503,0.4116504854368932,0.7615658362989324,0.3333333333333333,0.5,0.6182841956651457,0.5299842661313041,0.4595738459958209,0.054331529689615736,0.46446369097368734,0.6298984813247833,0.39283169901255754,0.6380032244831834,0.4734155191557067,0.8877005347593583,0.9095052701456705,0.05900014005518417,0.4669881236218189,0.008279440286139639,0.18116242947693426,0.2559762779173156,0.5965366208280828
701.0,0.2140575079872205,0.0,1.0,0.23076923076922995,0.4166666666666665,0.7672413793103448,0.11015118790496764,0.47572815533980584,0.7437722419928825,0.3333333333333333,0.5,0.5445394059647518,0.5206861250985458,0.46165832689893793,0.048432348844628235,0.46623924633887714,0.6680368780996552,0.43199092490637114,0.6243805295523658,0.47766216819477353,0.8609625668449197,0.9095052701456705,0.058250425936501204,0.49237483724138537,0.00807092755343125,0.17888543819998307,0.264369034418991,0.33290599493094375
711.0,0.19285506825442927,0.0,1.0,0.23076923076922995,0.4166666666666665,0.7672413793103448,0.10151187904967607,0.5145631067961165,0.7615658362989324,0.3333333333333333,0.5,0.5,0.530121066756066,0.49916187812496937,0.029932733078153417,0.4809400501244116,0.6890950375604906,0.46812336692361745,0.6162964398580313,0.4861554662729073,0.7914438502673796,0.9259856961593413,0.06393189708566666,0.4957634947590162,0.009716744333475191,0.1961161351381842,0.23368999713221858,0.2362409867296169
721.0,0.16802207377287254,0.009216589861751112,1.0,0.23076923076922995,0.4166666666666665,0.7737068965517241,0.047516198704103674,0.5650485436893203,0.7722419928825622,0.3333333333333333,0.5,0.45196987480970213,0.6280312123545265,0.5059150624642255,0.05454551324638347,0.47918296386697207,0.78855143690074,0.43675366019738965,0.6439561577840754,0.3969758364525027,0.8235294117647058,0.768683462532901,0.2480227447675974,0.5897692261793226,0.13968527903106326,0.6931087162517847,0.10486294640234785,0.17541494910237956
731.0,0.14376996805111825,0.022332506203474045,1.0,0.3076923076923066,0.4166666666666665,0.7737068965517241,0.0561555075593953,0.5864077669902913,0.7615658362989324,0.3333333333333333,0.75,0.43059735790354947,0.6210756824220209,0.5632688379263184,0.016923907630919263,0.4926013209864712,0.6706702449042252,0.48837339239576594,0.604028301334513,0.5201286585854424,0.7433155080213903,0.5799427507464432,0.9045309146902047,0.8386907614479657,0.9706041495470963,0.34174306308670604,0.09203830766536172,0.1644853812503918
741.0,0.12184141736857396,0.03899326479971643,1.0,0.23076923076922995,0.5000000000000004,0.7801724137931034,0.09071274298056159,0.6058252427184466,0.7722419928825622,0.6666666666666666,0.25,0.40394896675140607,0.5742209763929996,0.5417904769542224,0.026872315279908833,0.489945660208667,0.6258189395164365,0.40795350636162525,0.634547902950386,0.5710884470542449,0.7379679144385026,0.4862134620986105,0.6896624379565297,0.37955346382698607,0.7655574567827674,0.8479983040050879,0.08958548512624524,0.16129932085192317
751.0,0.10121986639558528,0.057426444523218656,1.0,0.23076923076922995,0.5000000000000004,0.7801724137931034,0.11015118790496764,0.6155339805825243,0.7615658362989324,0.3333333333333333,0.5,0.38826339839402507,0.5490808523937001,0.5766385202140593,0.014784950675289246,0.495463899869552,0.6502286503241816,0.46541437465645497,0.6204103624216597,0.5413619037807768,0.7112299465240641,0.3899826379705482,0.6729825058037189,0.4839810418754331,0.7433632758451751,0.8741572761215378,0.08843204864543305,0.16159190831700676
761.0,0.08553586988091783,0.07692307692307687,1.0,0.23076923076922995,0.5000000000000004,0.790948275862069,0.18358531317494603,0.6213592233009708,0.7793594306049823,0.3333333333333333,0.5,0.35006727454584174,0.4400665138196338,0.4968249361948634,0.04848934740355618,0.4841330006638068,0.5559442971096225,0.3484433598474511,0.6497890869008713,0.6475281297574487,0.7005347593582887,0.46656279590704003,0.5372484950269453,0.4212502260566755,0.5443436572959081,0.996129850025381,0.08838402895171253,0.16156322337699702
771.0,0.07522509439442349,0.09677419354838701,1.0,0.23076923076922995,0.5000000000000004,0.8103448275862069,0.26349892008639314,0.6233009708737864,0.7935943060498221,0.3333333333333333,0.5,0.2874222845228853,0.328336531699993,0.4402575236000926,0.05166755642468424,0.47182643459819823,0.5528915985352885,0.37215772991584367,0.6302043312167817,0.6602680768746495,0.6898395721925134,0.6253299381877975,0.517496228190387,0.4823621972007498,0.5138831312602953,0.9996349698728535,0.08984448365436416,0.16159036259585746
781.0,0.06839965146674415,0.11520737327188946,1.0,0.23076923076922995,0.5000000000000004,0.8383620689655172,0.3153347732181426,0.6155339805825243,0.8078291814946619,0.3333333333333333,0.5,0.23393739113210793,0.2545045725630569,0.4333172166963063,0.03415504100710618,0.47643725513954455,0.5954933755313593,0.42278436981675527,0.6169297360741947,0.6050616393667799,0.6631016042780749,0.5344579837707297,0.4552570530321522,0.45997540918440805,0.4181052479436922,0.9863939238321437,0.08949386957974147,0.16270276229948247
791.0,0.06593087423758354,0.13328606876993976,1.0,0.1538461538461533,0.5833333333333335,0.8168103448275862,0.38012958963282945,0.6135922330097088,0.7259786476868327,0.6666666666666666,0.25,0.10241638234956668,0.19519609665742974,0.34964200846768717,0.04007514068098171,0.4371570446501471,0.6118194565543392,0.3445039590792409,0.6319634522397448,0.6305415336011813,0.6791443850267379,0.36971175555170643,0.49795301729515445,0.5152668110417178,0.4836951325438048,0.9994449069791543,0.08942016719720772,0.16354344843685042
801.0,0.06825442927679354,0.1506557958170862,1.0,0.1538461538461533,0.5833333333333335,0.8383620689655172,0.45140388768898493,0.6097087378640776,0.797153024911032,0.3333333333333333,0.5,0.8995364145386187,0.18716213241505783,0.2172168957342599,0.1876494849550165,0.9045972212316078,0.6694579595563905,0.2947721879794585,0.7228448881636815,0.6432814807183819,0.6737967914438503,0.29809281016616146,0.48913999039049577,0.488126194984754,0.4700951048973156,0.9981684966311909,0.09049814016696726,0.1644356248777508
811.0,0.07377287249491726,0.1712158808933002,1.0,0.1538461538461533,0.5833333333333335,0.814655172413793,0.4989200863930886,0.6271844660194175,0.7224199288256228,0.3333333333333333,0.5,0.8153793829556703,0.2517702649541752,0.399986863676927,0.03713381676986852,0.4609981467433888,0.7511161085586302,0.6163155789498956,0.5315986008156196,0.5965683412886462,0.7326203208556149,0.34812344436912396,0.634512455746659,0.5693681131847015,0.6898192068059765,0.9255469562056768,0.09005570447644518,0.16336299547052266
821.0,0.08611675864072033,0.19354838709677424,1.0,0.1538461538461533,0.5833333333333335,0.814655172413793,0.6004319654427647,0.6368932038834951,0.7615658362989324,0.3333333333333333,0.5,0.7030276240156809,0.3841624024851867,0.4095817770807029,0.0758616785798013,0.44680606632375486,0.8273131984670687,0.4396526242220343,0.6530120028200109,0.7027345672653182,0.7112299465240641,0.4691669199589807,0.5430708282212696,0.4445883373421562,0.5532963047011706,0.9943889131791124,0.0908444240737684,0.3031626169659833
831.0,0.10601219866395589,0.2176533144275079,1.0,0.1538461538461533,0.5833333333333335,0.814655172413793,0.7127429805615552,0.6466019417475728,0.7615658362989324,0.3333333333333333,0.5,0.646652889641534,0.5553479433359195,0.48557675206826406,0.07903212133058733,0.47498262658021956,0.8709214868967746,0.5073900423203729,0.6301993485930526,0.7239678124606526,0.7112299465240641,0.6379846252751556,0.5397915045099526,0.4910419599869227,0.548255806892363,0.9954090291002811,0.0917121766823632,0.22394634343569428
841.0,0.1309904153354633,0.2460120524636653,1.0,0.1538461538461533,0.5833333333333335,0.8254310344827586,0.7883369330453565,0.6699029126213591,0.7793594306049823,0.3333333333333333,0.5,0.6385772514634699,0.6887742879752943,0.6405976098729611,0.05386747263150433,0.49929442958970177,0.8284757673065659,0.5880075769625672,0.6120203395187473,0.6517747787965157,0.7486631016042781,0.2631556391791795,0.6157206661397939,0.5327777237898006,0.6626451399261619,0.9459459459459459,0.12676924595266198,0.24335953862221904
851.0,0.16003485332558814,0.27720666430343854,1.0,0.1538461538461533,0.5833333333333335,0.7780172413793103,0.8488120950323975,0.6854368932038835,0.6832740213523132,0.3333333333333333,0.5,0.631941636071482,0.7933806573780635,0.6648574133103818,0.042394711971164255,0.5000192785633165,0.7960787697475518,0.4546128782320658,0.6208046752722086,0.6220482355230476,0.7272727272727273,0.2631556391791795,0.598879804366363,0.48389624640678913,0.6378254515511949,0.9615239476408232,0.10498267412204952,0.2378979270676894
861.0,0.1931455126343305,0.3112371499468274,1.0,0.0,0.5000000000000004,0.6120689655172413,0.9092872570194386,0.7009708737864078,0.4875444839857651,0.0,0.0,0.6268536343217641,0.8982514325754949,0.6928462950550466,0.04237202185133295,0.5007982844033617,0.7963759925527046,0.45841706350530526,0.6281507230739463,0.6220482355230476,0.7272727272727272,0.07691423253750775,0.5988798043663628,0.4927698693044561,0.6378254515511945,0.9615239476408233,0.11792606387798069,0.23467914617060673
871.0,0.22887017136218418,0.34420418291386023,1.0,0.0,0.5000000000000004,0.15086206896551724,0.9481641468682507,0.6951456310679611,0.0,0.3333333333333333,0.5,0.6150502088424946,0.9549165010934969,0.6368035739018085,0.026748053759039644,0.4974180128932025,0.7421871825761983,0.37269298911139237,0.6181413756774883,0.5795817451323787,0.6684491978609626,0.0,0.45525705303215236,0.4170935676988078,0.4181052479436924,0.9863939238321439,0.11797993126147933,0.24092484687292898
1242.0,0.51161777519605,0.8046791917759659,0.0,0.4615384615384599,0.25,0.006465517241379309,0.5301939187183086,0.5825504409494151,0.7551390394336744,0.3063791554357592,0.5404312668463612,0.6872801985379007,0.22906969416759357,0.6637037258764167,0.00785188323584749,0.5043393681668396,0.6564961820486831,0.4306041357657813,0.6278385079431241,0.480990783783361,0.6761338018491645,0.0,0.603034312514221,0.49486866592398104,0.6439854085195629,0.9579209754523991,0.17745976551337078,0.3918130640933602
1252.0,0.5020331106593088,0.8280751506557957,1.0,0.4615384615384599,0.25,0.0668103448275862,0.2742980561555076,0.6427184466019418,0.8612099644128114,0.3333333333333333,0.5,0.25,0.3389074695356439,0.30298214841222626,0.19148920578238526,0.2832502891387658,0.8019594773087491,0.06187762865247359,0.7459818951651301,0.0,0.8501953096847658,0.0,0.4258956668929363,0.39943369904227755,0.37376044969638433,0.9674600173538549,0.1318518268892725,0.25221715314422155
1262.0,0.5002904443799012,0.8330379298121233,1.0,0.4615384615384599,0.25,0.08836206896551724,0.3909287257019439,0.541747572815534,0.797153024911032,0.3333333333333333,0.5,0.22556274802780257,0.06695170880417918,0.39366895536160706,0.10888494128969164,0.4910586578505101,0.37277922453208945,0.5223777808930632,0.5751686745582136,0.7324611105387864,0.40641711229946526,0.0,0.2604826252925274,0.40561204013482033,0.1532908845764454,0.7203202134914811,0.13113463580902662,0.26202100791549715
1272.0,0.5002904443799012,0.8330379298121233,1.0,0.4615384615384599,0.25,0.10344827586206896,0.41684665226781864,0.5145631067961165,0.7864768683274022,0.3333333333333333,0.5,0.5,0.0,0.0,0.0,0.5033593777983366,0.6032275755577569,0.42986446069708306,0.6281652804257388,0.5541018508979774,0.6096256684491979,0.0,0.22950780623596245,0.47644891926465116,0.12045949733147066,0.6507913734559685,0.15264172855469924,0.25832187909790627
1282.0,0.5031948881789137,0.8291386033321517,1.0,0.5384615384615383,0.25,0.15301724137931033,0.4600431965442765,0.4932038834951456,0.8434163701067615,0.3333333333333333,0.75,0.3399400347612608,0.08287834481667541,0.0,0.0,0.5033593777983366,0.7716539479460465,0.42986446069708306,0.6281652804257388,0.5880750432105124,0.6256684491978609,0.19362401670670984,0.345885534344604,0.5540904885706595,0.25922956804822395,0.876215908676647,0.1607169992919439,0.29656878486098526
1292.0,0.5078419982573337,0.815313718539525,1.0,0.615384615384615,0.25,0.2629310344827586,0.48596112311015127,0.4388349514563107,0.9430604982206405,0.3333333333333333,0.75,0.21871842912424855,0.18317495806027184,0.35093355833805656,0.04890557766040389,0.44234134580917484,0.7912341035525813,0.42986446069708306,0.6281652804257388,0.5541018508979774,0.53475935828877,0.3939950755954704,0.13113516854834817,0.379615697692025,0.04045697259600317,0.3939192985791677,0.14043130621738137,0.29154612333975366
1302.0,0.5158292187046181,0.7958170861396667,1.0,0.615384615384615,0.25,0.35991379310344823,0.5356371490280778,0.4077669902912621,0.9217081850533808,0.3333333333333333,0.5,0.25,0.28242289127970327,0.47931431057170293,0.04125381497634829,0.5191052498509094,0.7900552654757218,0.5608309158841264,0.62325612163534,0.6008149903277131,0.5989304812834224,0.607469654028935,0.3118917897139881,0.5880123880104087,0.21462418760748436,0.8209052017854871,0.17900854345255604,0.49010302001516004
1312.0,0.526285216381063,0.7621410847217298,1.0,0.615384615384615,0.25,0.3879310344827586,0.5723542116630671,0.3300970873786408,0.8078291814946619,0.3333333333333333,0.5,0.2064349821383163,0.4328166552783692,0.48618620738349944,0.06470519429172938,0.4814305175137061,0.8475491162269891,0.43687476364509975,0.6432110351971164,0.5753350960933118,0.4705882352941176,0.9309549330387693,0.13015669092786325,0.39701178069864934,0.03986359588525096,0.39114064034485174,0.16745925704656803,0.8223470721585153
1322.0,0.5381934359570142,0.726692662176533,1.0,0.615384615384615,0.25,0.41379310344827586,0.593952483801296,0.32038834951456313,0.8042704626334519,0.3333333333333333,0.5,0.21862084792369296,0.469561289799371,0.5835344170585975,0.01637497271861037,0.5094932476179979,0.7197943024200898,0.5291733502162025,0.5971579502360571,0.5456085528198436,0.6577540106951871,0.8063535509089412,0.3585800913575221,0.613128503184666,0.27659480206715864,0.8944271909999157,0.4783696300700358,1.0
1332.0,0.551408655242521,0.6887628500531726,1.0,0.615384615384615,0.25,0.4245689655172414,0.613390928725702,0.3067961165048544,0.7793594306049823,0.3333333333333333,0.5,0.22433375843521997,0.5100182891236416,0.6438766043476344,0.016604531031697164,0.5062350248788364,0.7239674313864504,0.4914219935046111,0.6283125586748339,0.5413619037807768,0.6470588235294118,0.6846503529008571,0.2946481942718559,0.4590834966292955,0.19317048813381477,0.7893522173763268,1.0,0.7689437054861988
1342.0,0.5649143189079291,0.6547323644097838,1.0,0.615384615384615,0.25,0.43103448275862066,0.6177105831533478,0.32815533980582523,0.7722419928825622,0.3333333333333333,0.5,0.2449478863933381,0.48531500348106216,0.5481490599494837,0.016002579838886075,0.5137356924211902,0.6507197073448819,0.3322088781003304,0.6277790852297302,0.5116353605073086,0.7433155080213903,0.719500116686622,0.9592394221995639,0.8429498076631892,0.992658467437099,0.17888543819998418,0.5650486312553585,0.7476203510660089
1352.0,0.5785652047632879,0.6235377525700105,1.0,0.5384615384615383,0.25,0.4375,0.6198704103671707,0.34368932038834954,0.7722419928825622,0.3333333333333333,0.25,0.2604899333707829,0.4675353687458795,0.5657522618585313,0.01158292101863146,0.5111826128946158,0.6585026946550687,0.4478222068066712,0.6253297498631892,0.5073887114682417,0.7272727272727272,0.7302057136986737,0.9772141158982263,0.5022409198794713,0.9968655171083435,0.1240347345892081,0.376137412627395,0.8128263382806472
1362.0,0.5913447574789428,0.6043956043956045,1.0,0.5384615384615383,0.25,0.4418103448275862,0.6069114470842334,0.4097087378640777,0.7686832740213523,0.3333333333333333,0.5,0.3248067116378428,0.3748873704735072,0.44788829227306814,0.04790561604266688,0.5357338312888374,0.5743419633966678,0.30962660554891835,0.6514689144942365,0.47766216819477353,0.8663101604278075,0.5617738457896632,0.05657232137954088,0.007674259691481999,0.0076137699890175825,0.17378533390904766,0.33124161160161275,0.5514697645385157
1372.0,0.6038338658146964,0.5983693725629209,1.0,0.5384615384615383,0.25,0.4418103448275862,0.6025917926565876,0.4815533980582524,0.7615658362989324,0.3333333333333333,0.5,0.43787914327668515,0.31830550036449895,0.3956166994149067,0.05061381975377375,0.5602754466342093,0.6148844779713342,0.37654007129675676,0.6299027888409272,0.494648764351041,0.8823529411764706,0.4852782976040225,0.0174898481360653,0.4721769130688138,0.0007293949905303188,0.053975258015000624,0.3174398777848789,0.41880231634546333
1382.0,0.6187917513796108,0.6008507621410848,1.0,0.5384615384615383,0.25,0.4461206896551724,0.6393088552915768,0.5281553398058252,0.7686832740213523,0.3333333333333333,0.5,0.5215994975601838,0.3748522011530607,0.4289455921850211,0.0454975121294772,0.5455008032395348,0.7420541235083034,0.4638646271197485,0.6248827993053381,0.5753350960933118,0.8128342245989304,0.5338305741853165,0.8178853970238844,0.9145064980681283,0.9086745401304255,0.5780173407803393,0.29064796598515946,0.6229297859090343
1392.0,0.6363636363636365,0.619283941864587,1.0,0.5384615384615383,0.25,0.4375,0.6781857451403889,0.6155339805825243,0.7473309608540926,0.3333333333333333,0.5,0.6291984161167482,0.47819976629008776,0.42841185211120003,0.0768028495671154,0.5575203024947428,0.7946637276321536,0.4293199706217141,0.6482499169747289,0.5795817451323786,0.9251336898395721,0.6582232393370965,0.8942525546503972,0.5330085083753783,0.9649416560614728,0.3713906763541036,0.2606079176071962,0.4140751973285169
1402.0,0.6555329654371187,0.6579227224388515,1.0,0.615384615384615,0.3333333333333335,0.4267241379310345,0.7019438444924406,0.7262135922330097,0.7437722419928825,0.6666666666666666,0.75,0.7197136050071515,0.6215743296905504,0.45966180819816316,0.09110591854331807,0.5489210469595089,0.8396587199730259,0.4617438187959656,0.6373417329234774,0.5498552018589105,0.9893048128342246,0.7894281903507925,0.9557462763825118,0.52517154236407,0.9916644737180998,0.18948626470112742,0.25009123754903695,0.3210529889025372
1412.0,0.6749927388905024,0.7096774193548387,1.0,0.615384615384615,0.3333333333333335,0.4267241379310345,0.7062634989200864,0.7980582524271844,0.7615658362989324,0.3333333333333333,0.5,0.7636335093029283,0.7195545388253071,0.522110524104862,0.055838354729475716,0.5254668734976213,0.78863019644844,0.49357094948909674,0.6055385892878338,0.5116353605073086,0.8823529411764706,0.520092075103686,1.0,0.516087610432093,1.0,0.053975258015000846,0.13854898666769233,0.2567244018839864
1422.0,0.6970665117629973,0.7621410847217298,1.0,0.615384615384615,0.3333333333333335,0.42025862068965514,0.7451403887688985,0.8019417475728154,0.7508896797153025,0.3333333333333333,0.5,0.7457561196615001,0.7703127120574372,0.591559327539735,0.026698085639156197,0.4943606260717689,0.7355471466085519,0.5007120250289526,0.6094696917011411,0.5795817451323786,0.6951871657754011,0.19954011489187073,0.5445842614941407,0.25280664298434274,0.5556207346336466,0.9938837346736188,0.13870171669411824,0.23037976358285248
1432.0,0.7207377287249492,0.8142502658631692,1.0,0.6923076923076916,0.3333333333333335,0.4245689655172414,0.7688984881209504,0.7999999999999999,0.7686832740213523,0.3333333333333333,0.75,0.7335856676441128,0.7969784732864521,0.6216197403881442,0.016209251254444577,0.49723326664334005,0.7084644788946559,0.46053031709470127,0.6214359350909653,0.5498552018589106,0.6791443850267378,0.10435885465526012,0.4793822647320064,0.45841426807537383,0.45506380631419163,0.9958932064677037,0.12655156865335115,0.23468567819675923
1442.0,0.7378739471391229,0.8514711095356258,1.0,0.6923076923076916,0.3333333333333335,0.43534482758620685,0.6717062634989202,0.7184466019417476,0.7793594306049823,0.3333333333333333,0.5,0.7314647960988149,0.573520279394487,0.7234700936040486,0.08946471461002581,0.5022918172169052,0.42729611920734173,0.5337661709469109,0.6751639546823454,0.31204285567116513,0.4598930481283422,0.14501973800278398,0.7519536343975433,0.6363905212433285,0.8417726624321507,0.731055268242869,0.12300923316022282,0.2248538547830492
1452.0,0.7480395004356666,0.8787663948954272,1.0,0.6923076923076916,0.3333333333333335,0.4245689655172414,0.5680345572354213,0.6640776699029126,0.7437722419928825,0.3333333333333333,0.5,0.7651461721883681,0.3778473531478253,0.49491119877532364,0.07994740694963479,0.520313214310166,0.45852998532594,0.1967021856956964,0.6220592397013845,0.29930290855396446,0.53475935828877,0.2082384883794533,0.6797761332605761,0.45473880323420124,0.7524839707582536,0.8637789008984335,0.14232985866255393,0.228147996303296
1462.0,0.7534127214638398,0.8840836582772067,1.0,0.6923076923076916,0.3333333333333335,0.4245689655172414,0.49676025917926575,0.5436893203883495,0.7615658362989324,0.3333333333333333,0.5,0.6225994420133901,0.1449660701783917,0.32249376308629674,0.09677820846625826,0.43160714439027226,0.41670347326178336,0.2539743839390362,0.6389634560391775,0.36300264413996775,0.3529411764705882,0.13328169161974257,0.859075154855703,0.5872443638380982,0.942060012566877,0.4698490814454044,0.11778305441257512,0.20992345526844985
1472.0,0.7525413883241359,0.8769939737681673,1.0,0.615384615384615,0.4166666666666665,0.4375,0.40388768898488125,0.47572815533980584,0.7829181494661922,0.6666666666666666,0.25,0.9072264209222577,0.0758168003255337,0.22627835484828257,0.038764932272395275,0.6466290368065245,0.6007572618484166,0.33171118824722395,0.5909455708573305,0.3205361537492989,0.49732620320855614,0.1088935001519948,0.7300149729147111,0.42476673496037864,0.8162306197778708,0.7755620037111929,0.11605820978536616,0.22148483762275498
1482.0,0.7464420563462097,0.8621056362991848,1.0,0.6923076923076916,0.4166666666666665,0.4375,0.32613390928725705,0.43300970873786404,0.7615658362989324,0.3333333333333333,0.75,0.75,0.21566838970450067,0.34398387589272866,0.0703748537695583,0.4242179843894496,0.8356984882296655,0.5499406760091702,0.6484453296626246,0.3502626970227671,0.5668449197860962,0.2698126144919546,0.686407501537058,0.4697926451141486,0.7612798737346065,0.853281833651959,0.11994114212479502,0.23872553684866019
1492.0,0.7368573918094685,0.8309110244594116,1.0,0.6923076923076916,0.4166666666666665,0.4375,0.2742980561555076,0.34368932038834954,0.7615658362989324,0.3333333333333333,0.5,0.7951672353008665,0.3994062831723785,0.47782268224619845,0.0769708442054356,0.5260947292562519,0.8850317883026209,0.5663989000862392,0.6323970850133467,0.4012224854915697,0.43850267379679136,0.4636738360194609,0.861741481097642,0.5851551424988767,0.943980455850729,0.46256600669501974,0.11444742234026667,0.22259118009882004
1502.0,0.718849840255591,0.7887274016306274,1.0,0.6923076923076916,0.4166666666666665,0.4461206896551724,0.14902807775377974,0.283495145631068,0.7758007117437722,0.3333333333333333,0.5,0.7434513379449377,0.6240298997281936,0.500145942738775,0.09865324087818297,0.4773276958829736,0.930992087026127,0.452637331583592,0.6420761049792408,0.2568364181632956,0.5187165775401069,0.6961399150483479,0.6677205643133739,0.3905382571122917,0.7362252431990006,0.8819316686728584,0.13855809080759776,0.3551905908309209
1512.0,0.6960499564333429,0.7390996100673519,1.0,0.7692307692307683,0.5000000000000004,0.4418103448275862,0.07775377969762426,0.24271844660194175,0.7544483985765125,0.6666666666666666,0.75,0.7318001010375881,0.7637899465163657,0.6216961448793822,0.05705515591084384,0.49749461843807213,0.8355955837314424,0.5538627924146922,0.6014771024315761,0.36300264413996775,0.5721925133689839,0.8520499878519886,0.6922955269169906,0.5057186693007131,0.7689982407391169,0.8436614877321075,0.17695066722835834,0.3349384773693778
1522.0,0.6699099622422306,0.6820276497695852,1.0,0.7692307692307683,0.5000000000000004,0.44827586206896547,0.028077753779697623,0.20194174757281552,0.7722419928825622,0.3333333333333333,0.5,0.7322825782514812,0.8768689429130699,0.8603009439784567,0.04526931746563158,0.5036022372285238,0.8056029859825578,0.6732749734486396,0.6206038132456214,0.4054691345306365,0.5721925133689838,0.9196162067289457,0.7484058271010148,0.5223349623030489,0.837745283854124,0.7384854939281257,0.2039760023497077,0.29840932555331107
1532.0,0.6427534127214638,0.6178660049627791,1.0,0.7692307692307683,0.5000000000000004,0.4525862068965517,0.012958963282937386,0.16310679611650486,0.7686832740213523,0.3333333333333333,0.5,0.7448106247001713,0.9449585203286582,0.6317717107862321,0.03105768388982974,0.5096654874637779,0.7550296567223225,0.1967324447440343,0.6190474903458202,0.4734155191557067,0.5775401069518716,0.7723910372969078,0.9084485914799543,0.5770980442936611,0.9726380984567256,0.33035042472810583,0.1226379511996846,0.2386398255625575
1542.0,0.6151611966308452,0.5494505494505495,1.0,0.9230769230769216,0.5000000000000004,0.4245689655172414,0.006479481641468721,0.13980582524271845,0.7153024911032029,0.3333333333333333,1.0,0.7524932379362717,0.9833753235804868,0.6697540020068226,0.018076692001952156,0.5072264932167253,0.7216740141771647,0.46861174916903037,0.6198370359328381,0.49040211531197414,0.6203208556149733,0.5441917424654769,0.9381468746106132,0.5084181994644589,0.9857897561077842,0.24253562503633375,0.1346005079579379,0.21893709721111623
1552.0,0.5871333139703747,0.4835164835164836,1.0,1.0,0.4166666666666665,0.43318965517241376,0.0,0.1533980582524272,0.7758007117437722,0.0,0.75,0.7441215939542835,0.9732411920639844,0.6628414444835801,0.01102029164437698,0.49914543229241387,0.6670971277550118,0.4228126780945947,0.6236380895973893,0.49040211531197414,0.7219251336898395,0.27929636757506887,0.1311351685483485,0.06754711942729413,0.04045697259600339,0.3939192985791687,0.12033178390138034,0.2089743606727839
1562.0,0.5643334301481266,0.42538107054236085,1.0,0.9230769230769216,0.5000000000000004,0.4439655172413793,0.07775377969762426,0.196116504854369,0.7793594306049823,0.6666666666666666,0.25,0.7569402371038736,0.8243572834544759,0.6203188653600994,0.061062730637716514,0.5098117620383332,0.5111262723711215,0.38648543887084,0.6602711218404308,0.6560214278355826,0.8021390374331552,0.1449567441406587,0.6864075015370581,0.7853485600353054,0.7612798737346066,0.8532818336519589,0.1206593412123373,0.20767228513507427
1572.0,0.5470519895440022,0.37256292095001764,1.0,0.9230769230769216,0.5000000000000004,0.4439655172413793,0.15982721382289422,0.22524271844660193,0.7615658362989324,0.3333333333333333,0.5,0.7854839834764695,0.6923825098031758,0.5502949587428771,0.058384651636473626,0.51772714021248,0.5301341028591343,0.3584302100913865,0.6264470991891815,0.6645147259137163,0.764705882352941,0.17258689543178696,0.6305100591572343,0.46331693326734874,0.6840818695788526,0.9301552213313229,0.1232770123212802,0.2053294102748389
1582.0,0.533255881498693,0.3388869195320807,1.0,0.7692307692307683,0.5000000000000004,0.46336206896551724,0.21166306695464368,0.3300970873786408,0.7935943060498221,0.3333333333333333,0.0,0.75,0.487821357664942,0.509513663473671,0.08473115699838972,0.48549818195381444,0.4485385876876974,0.38826179373635555,0.645068467800231,0.60506163936678,0.9732620320855615,0.24495882753102896,0.8820365744265894,0.6253017714892841,0.9576037365883199,0.40613846605344756,0.10509065446003432,0.18705611849437825
1592.0,0.5275922160906186,0.3190358029067706,1.0,0.7692307692307683,0.5000000000000004,0.4892241379310345,0.33261339092872577,0.4058252427184466,0.8042704626334519,0.3333333333333333,0.5,0.8063641357438686,0.24778517925015542,0.42762982183475795,0.09767995736949954,0.5317307940965113,0.4086605402483057,0.34633140539118756,0.636472871734002,0.7409544086169202,0.893048128342246,0.2358145867305211,0.7057674501836997,0.39989185878001204,0.7863199967156105,0.8206064156547801,0.1009626501573222,0.1873062609566132
1602.0,0.5275922160906186,0.30840127614321156,1.0,0.7692307692307683,0.5000000000000004,0.5495689655172413,0.41684665226781864,0.4563106796116505,0.8612099644128114,0.3333333333333333,0.5,0.0,0.10892898631973959,0.17751458381073698,0.12365979623449401,0.09746842815140949,0.5223985888013393,0.17471167850544983,0.6448332247417579,0.6687613749527832,0.8235294117647058,0.18211409276595822,0.6991854890163826,0.48930176641805845,0.7779170933800661,0.8320502943378437,0.10134014813291299,0.18879767785266016
1612.0,0.5328202149288412,0.30591988656504787,1.0,0.7692307692307683,0.5000000000000004,0.6163793103448275,0.49460043196544284,0.5009708737864078,0.8718861209964412,0.3333333333333333,0.5,0.4388692174902805,0.1331629322028256,0.23563147877047066,0.07413290600842848,0.7242683140490871,0.705730836163209,0.48915188180131347,0.5963902008063671,0.6560214278355825,0.8074866310160427,0.20131102261099973,0.6928769932182088,0.48944585812749697,0.7697556852672022,0.84269625981214,0.10250579856311297,0.18879217717229863
1622.0,0.5447284345047925,0.3130095710740872,1.0,0.7692307692307683,0.5000000000000004,0.6443965517241379,0.593952483801296,0.5533980582524272,0.8078291814946619,0.3333333333333333,0.5,0.576149783355999,0.30646731456686316,0.37896192531811573,0.08724845175538232,0.5724608380163082,0.8733033107106716,0.5760817103869581,0.6365798509440719,0.6984879182262513,0.8288770053475936,0.4365157544963745,0.6806502932910379,0.4863274956363927,0.7536495919569068,0.8624157838205286,0.1050235894883403,0.21350969066194583
1632.0,0.5641882079581761,0.326834455866714,1.0,0.7692307692307683,0.5000000000000004,0.6724137931034483,0.7062634989200864,0.5902912621359223,0.8078291814946619,0.3333333333333333,0.5,0.5901520057973083,0.5067377276145942,0.5790281513859,0.08066450017196611,0.510407527774188,0.9036162593882369,0.6339601991537414,0.6239411996320887,0.7239678124606527,0.7860962566844919,0.6983240542377805,0.6222036674223028,0.46197374232606053,0.6720863355673584,0.9392649237907383,0.11409593359928875,0.25941499880679825
1642.0,0.5887307580598315,0.34952144629563975,1.0,0.6923076923076916,0.4166666666666665,0.6875,0.7818574514038877,0.6388349514563106,0.7864768683274022,0.0,0.25,0.6152310438802078,0.6561609044269188,0.5557297313843704,0.0632938416283795,0.5159831468035256,0.8464580635647794,0.4060967897186018,0.6170207475115181,0.6517747787965156,0.8181818181818181,0.9042408292130053,0.7096295150661687,0.5388354456352636,0.7911957704682153,0.8137334712067348,0.17092017280735428,0.33914577038181554
1652.0,0.6154516410107465,0.3771712158808933,1.0,0.615384615384615,0.5000000000000004,0.7047413793103448,0.8142548596112311,0.6660194174757281,0.7900355871886121,0.6666666666666666,0.25,0.6276262296157148,0.7256483928048241,0.6135717408035978,0.030028228236864057,0.5095986107778563,0.7566010709120328,0.48887145982063546,0.6068229851740506,0.5668417980151781,0.7593582887700534,1.0,0.7519536343975431,0.5150708821311867,0.8417726624321507,0.7310552682428691,0.2184817363237629,0.23318615841546939
1662.0,0.643479523671217,0.40836582772066654,1.0,0.615384615384615,0.5000000000000004,0.709051724137931,0.8336933045356373,0.6854368932038835,0.7686832740213523,0.3333333333333333,0.5,0.6361723313873655,0.770184338728684,0.6445543384024514,0.019655950519240215,0.507661138268716,0.7285526408443127,0.461471075469239,0.621510714616996,0.5413619037807769,0.7379679144385027,0.848132650880884,0.7801478344359252,0.5076256826474941,0.8722828481322296,0.6689647316224503,0.12491464662123991,0.18803458942560625
1672.0,0.6723787394713912,0.44097837646224747,1.0,0.615384615384615,0.5000000000000004,0.7112068965517241,0.8466522678185746,0.6932038834951456,0.7651245551601423,0.3333333333333333,0.5,0.6378424795389247,0.7960432804920922,0.7641754175449058,0.01048564912121842,0.5042000625327365,0.7075575201605407,0.5518948151572599,0.6222818692984554,0.528621956663576,0.7058823529411764,0.7311647576670264,0.6991854890163826,0.4501099786272987,0.7779170933800661,0.8320502943378437,0.10381679794247343,0.16739484572185956
1682.0,0.6988091780424048,0.4739454094292803,1.0,0.5384615384615383,0.5833333333333335,0.7112068965517241,0.8099352051835854,0.6951456310679611,0.7615658362989324,0.6666666666666666,0.25,0.6503696286608864,0.7421130017167691,0.6144225013172107,0.02455107753316991,0.5096650357859542,0.6178651744243898,0.2770953870545675,0.6371892693261184,0.4309490287650378,0.6898395721925135,0.5709738942098176,0.48971525990587006,0.38239785589911535,0.47098227074520693,0.9982743731749959,0.09612030981498029,0.1780803178665503
1692.0,0.725820505373221,0.5076214108472172,1.0,0.5384615384615383,0.5833333333333335,0.709051724137931,0.818574514038877,0.6990291262135921,0.7580071174377224,0.3333333333333333,0.5,0.6503099739871061,0.7583505676059499,1.0,0.006500242596430964,0.5033293500588598,0.6967419768384981,0.823207834402111,0.6165843651957906,0.5201286585854424,0.695187165775401,0.5420701240023277,0.658909756778542,0.5819201860642104,0.7241345929233699,0.8944271909999175,0.08974928486919503,0.22704187162730177
1702.0,0.7477490560557654,0.5349166962070189,1.0,0.5384615384615383,0.5833333333333335,0.6875,0.7429805615550757,0.6640776699029126,0.7259786476868327,0.3333333333333333,0.5,0.6501031683501998,0.6154460949970083,0.8957181548270821,0.05720572913711669,0.5032552802416183,0.517847852522537,0.32348228607167406,0.660696514763592,0.3545093460618339,0.588235294117647,0.6224259791695305,0.6625900197085827,0.49470903761097157,0.729205497480313,0.8892878023181472,0.09706244954856373,0.2415423637653208
1712.0,0.7660470519895439,0.5611485288904643,1.0,0.5384615384615383,0.5833333333333335,0.5926724137931034,0.6889848812095034,0.658252427184466,0.6049822064056939,0.3333333333333333,0.5,0.6690321322331181,0.5305685312766063,0.5606767968949293,0.03624855614420709,0.5128874492808095,0.5830768338171295,0.08807507073020115,0.6147197392781506,0.3969758364525028,0.6684491978609626,0.3938713497447313,0.5474252156260736,0.432088352155248,0.5599807597680128,0.9928768384869221,0.1313423702489677,0.2715751596243682
1722.0,0.7782457159453964,0.5856079404466501,1.0,0.5384615384615383,0.5833333333333335,0.36637931034482757,0.5982721382289418,0.6485436893203883,0.3879003558718861,0.3333333333333333,0.5,0.7188925592415524,0.3947079058193314,0.46987309934093563,0.05975261286038475,0.5284570913140615,0.5257659543635395,0.33723189561536676,0.6432448315569689,0.3247828027883658,0.6577540106951871,0.3155815431397282,0.5471211057832845,0.4926096307073652,0.559514254332634,0.9929882741949438,0.14465560381151887,0.3178304557819375
1843.0,0.650450188788847,0.8996809641970933,0.0,0.7692307692307683,0.5000000000000004,0.27801724137931033,0.2597683094443354,0.6567439621278985,0.7495073674303697,0.30578512396694213,0.5619834710743802,0.24891854361913313,0.37472705078449653,0.48407947891708836,0.018315906645554478,0.4838084829152716,0.6766328034419085,0.431062188692341,0.6259682025860005,0.4481366308487743,0.686358395057174,0.3155815431397282,0.5000199109532297,0.4907187864175393,0.48688686649390567,0.9996371597212022,0.1979030801315244,0.3680307004894015
1853.0,0.624164972407784,0.8933002481389578,1.0,0.7692307692307683,0.5000000000000004,0.08836206896551724,0.025917926565874716,0.47961165048543686,0.44839857651245546,0.3333333333333333,0.5,0.5315513873132497,0.6604467036672759,0.38224286978351374,0.2611291283020293,0.6456252701455817,0.9996711238226639,0.3259767713476722,0.7839475113623806,0.04334578919929699,0.19666769788306,0.3155815431397282,0.7355048601633486,0.6168493057061939,0.8227628153571297,0.7647507183222604,0.11172897736279001,0.28587976761719014
1863.0,0.614870752250944,0.8886919532080821,1.0,0.7692307692307683,0.5000000000000004,0.11422413793103449,0.27861771058315343,0.4893203883495146,0.8042704626334519,0.3333333333333333,0.5,0.5637888408597116,0.23712739220056203,0.4645979953516461,0.16972969976514815,0.5195864023572865,0.2026290233804534,0.5138782920112399,0.569525941156341,1.0,0.7112299465240641,0.4010598442411666,0.5225774082428073,0.3805762097207821,0.521728305118413,0.9990881069030456,0.2186541749872075,0.5985862876452718
1873.0,0.6080453093232647,0.880538816022687,1.0,0.615384615384615,0.5000000000000004,0.1206896551724138,0.3153347732181426,0.46990291262135925,0.7722419928825622,0.3333333333333333,0.0,0.6448630865774931,0.18999358140634584,0.38244807116292445,0.027041728951778445,0.5441688596783085,0.6255051933621636,0.3460599637012982,0.5366206344238129,0.5753350960933118,0.6310160427807486,0.30053412871607915,0.33653168699312325,0.39474046948486197,0.24666972524336156,0.8619342151577696,0.3514367366590164,0.7963921787970013
1883.0,0.6026720882950916,0.8567883729174053,1.0,0.6923076923076916,0.4166666666666665,0.16163793103448276,0.33693304535637153,0.3844660194174757,0.8291814946619217,0.0,0.75,0.8393934241602898,0.27790533949383306,0.34690241852253134,0.07655511434625299,0.6012780474869135,0.777312088735872,0.393602886881486,0.6599316957195878,0.5456085528198437,0.44919786096256675,0.37774582663110046,0.07237894852367999,0.35358508053895943,0.012442641089477402,0.22162110358896822,0.4173082421594578,0.6937312444187762
1893.0,0.6026720882950916,0.8224034030485643,1.0,0.6923076923076916,0.4166666666666665,0.23060344827586204,0.41684665226781864,0.3262135922330097,0.8754448398576513,0.3333333333333333,0.5,0.0,0.35220372243382464,0.2589122634824781,0.37298087866942675,0.08084282608499782,0.762009074843508,0.3401021053871417,0.8183438323115761,0.6602680768746494,0.5240641711229946,0.4585740622924314,0.2880880457832584,0.6064292063638881,0.18523403108790626,0.7767557487195038,0.5680229402777899,0.4358619847120484
1903.0,0.6018007551553877,0.7717121588089331,1.0,0.615384615384615,0.4166666666666665,0.30387931034482757,0.40388768898488125,0.23689320388349516,0.8825622775800712,0.3333333333333333,0.25,0.9866521696167443,0.519685011844604,0.2752421566946885,0.6483072836357012,1.0,0.8667574782925713,0.44652325253601766,0.8048070683350168,0.47766216819477353,0.4385026737967913,0.610201390148529,0.9754821694248129,0.8549648874294,0.9965265372746395,0.12933918406776795,0.2237677124435775,0.32280238009666823
1913.0,0.6018007551553877,0.7040056717476073,1.0,0.615384615384615,0.4166666666666665,0.37284482758620685,0.41684665226781864,0.14368932038834953,0.8754448398576513,0.3333333333333333,0.5,0.0,0.6935145462356754,0.2959655360914994,0.8633299739012663,0.006718755596673287,0.8738936425481646,0.4510052274543698,0.7661178769237931,0.5286219566635761,0.4278074866310159,0.7607921411091999,0.04027573223783926,0.0,0.003863877882186839,0.12403473458920833,0.1293617110786088,0.3173784814134104
1923.0,0.6002033110659308,0.6253101736972704,1.0,0.5384615384615383,0.3333333333333335,0.4525862068965517,0.3930885529157668,0.08349514563106802,0.8932384341637011,0.0,0.25,0.9842407772159698,0.8070634122244369,0.30703122391425297,1.0,0.9987862030215184,0.806131173946009,0.4411530213507466,0.7158489799482934,0.4564289229994391,0.518716577540107,0.8853563414493535,0.9070545811022711,0.9494845400840367,0.9719222712741337,0.33440984517076516,0.11325952210575148,0.36656241194713546
1933.0,0.5970084228870172,0.5434243176178659,1.0,0.5384615384615383,0.3333333333333335,0.49353448275862066,0.36933045356371497,0.06601941747572815,0.8291814946619217,0.3333333333333333,0.5,0.9697759331610805,0.8425484773692284,0.6132092408370317,0.020897091049165848,0.4960783628949176,0.7183784002317125,0.7422091762008266,0.0,0.4564289229994391,0.6363636363636362,0.8479269416412719,0.7308369941895974,0.39991901432820437,0.817214532859911,0.7739572992033203,0.17126308072109553,0.4645922221455405
1943.0,0.5894568690095847,0.4540942928039702,1.0,0.5384615384615383,0.3333333333333335,0.49784482758620685,0.30453563714902815,0.025242718446601975,0.7686832740213523,0.3333333333333333,0.5,0.9352261519248722,0.9342808387008761,0.5580999211901766,0.05473870843076259,0.48596842141221014,0.7816068902740014,0.3736451901573462,0.649877123867559,0.37574259125716836,0.572192513368984,0.7111220118484378,0.706545064722508,0.4799702023724615,0.7873050099575473,0.8192319205190407,0.28922634893654664,0.7955070350862097
1953.0,0.5785652047632879,0.3601559730591988,1.0,0.4615384615384599,0.3333333333333335,0.521551724137931,0.25485961123110157,0.0,0.800711743772242,0.3333333333333333,0.25,0.9122082558114694,1.0,0.5921499317618087,0.03911576044729365,0.49177310393246737,0.7523650338519529,0.464600268877519,0.6181420301510271,0.40546913453063654,0.6149732620320855,0.5745902543035712,0.6753639119879663,0.476340199932227,0.74657277787825,0.8705628387201341,0.5595716513017293,0.6652750624735019
1963.0,0.565349985477781,0.27330733782346694,1.0,0.38461538461538325,0.4166666666666665,0.5366379310344828,0.22030237580993525,0.03883495145631072,0.7864768683274022,0.6666666666666666,0.25,0.8867975821453534,0.948968145166391,0.5812853149187505,0.0365644751976396,0.4905686769123239,0.6211233393809451,0.4187810207721387,0.6265284465448016,0.43519567780410473,0.7914438502673796,0.4425627112070108,0.21853312460790852,0.25206103921059675,0.10964551187481542,0.6246950475544242,0.4212279780527463,0.533193334592072
1973.0,0.551408655242521,0.2059553349875931,1.0,0.38461538461538325,0.4166666666666665,0.564655172413793,0.20950323974082077,0.1456310679611651,0.8078291814946619,0.3333333333333333,0.5,0.8510789537233345,0.7729439309349352,0.5420956104855646,0.07855326413721296,0.4853800712200192,0.48061741843330347,0.38988544063260067,0.655104123256088,0.4819088172338404,0.9786096256684492,0.37742359201771536,0.029362659336025998,0.3930940097918982,0.0020548945034628563,0.09053574604251861,0.23546102463226287,0.4286404652477212
1983.0,0.5380482137670637,0.15171924849344198,1.0,0.38461538461538325,0.5000000000000004,0.5754310344827586,0.21814254859611237,0.21747572815533983,0.7793594306049823,0.6666666666666666,0.5,0.8276733572858479,0.6482367951990747,0.5598167616617479,0.05344325343497709,0.4915779513385644,0.5383037714960193,0.4479425316773382,0.6120553937426676,0.5201286585854423,0.8823529411764706,0.12442020141280542,0.9826115674670954,0.9950465017101099,0.997830806098212,0.10748184298009185,0.1989848877878741,0.2818734918183733
1993.0,0.5275922160906186,0.10740872031194604,1.0,0.38461538461538325,0.5000000000000004,0.5818965517241379,0.26133909287257023,0.27184466019417475,0.7722419928825622,0.3333333333333333,0.5,0.8336558748318168,0.5237786748214924,0.6424768321473272,0.049976926668010076,0.5063707341079431,0.5385836936641705,0.5141893787915436,0.6259413812771271,0.5880750432105124,0.8342245989304813,0.15398441459906279,0.8166052571379299,0.40529944075322155,0.9075281996573952,0.5812381937190961,0.22728245168229846,0.2588520019244299
2003.0,0.5187336625036305,0.07692307692307687,1.0,0.3076923076923066,0.5000000000000004,0.5754310344827586,0.2850971922246221,0.34757281553398056,0.7508896797153025,0.3333333333333333,0.25,0.8036212970378014,0.38283885641379733,0.504083917653104,0.058242687701455596,0.48824119140750527,0.520056351899776,0.28868418936384044,0.6334683635337957,0.5498552018589106,0.893048128342246,0.14202140874494854,0.9284528520316676,0.5517035148892608,0.981940538474618,0.27146016502180625,0.14480706385760758,0.36672595891521065
2013.0,0.5126343305257044,0.05565402339595882,1.0,0.3076923076923066,0.5000000000000004,0.5689655172413793,0.32613390928725705,0.39805825242718446,0.7508896797153025,0.3333333333333333,0.5,0.8055998877857853,0.2659295459354794,0.6732598883503756,0.04680416586503051,0.5043553200061593,0.5470694322490289,0.6024477864648377,0.6208266419523496,0.5838283941714455,0.8235294117647058,0.10327826786229444,0.8130977002914751,0.43198805602097284,0.9043547121442008,0.5900165893423099,0.1322786585502171,0.4121771032705798
2023.0,0.5098751089166424,0.053172633817795134,1.0,0.3076923076923066,0.5000000000000004,0.42241379310344823,0.37580993520518363,0.5009708737864078,0.5195729537366548,0.3333333333333333,0.5,0.6123603301731559,0.07352146220938077,0.2518823474832398,0.07906726984533462,0.40609043431241776,0.4622000472986132,0.0,0.6488643934341041,0.6008149903277131,0.9679144385026738,0.10327826786229444,0.8848825211912508,0.5305940281278564,0.959371756471145,0.39809311802282654,0.20577239509537348,0.44213412914671857
2033.0,0.5091489979668893,0.06487061325770993,1.0,0.23076923076922995,0.5833333333333335,0.17456896551724138,0.40604751619870416,0.5786407766990291,0.35231316725978645,0.6666666666666666,0.25,0.047864712134245035,0.12118944675158466,0.21078565882560987,0.08812415004128267,0.21921521473238287,0.7320734158151514,0.3879400480435424,0.6339759236544127,0.5625951489761112,0.8983957219251337,0.13349417105805395,0.9084485914799543,0.5051870735862337,0.9726380984567256,0.33035042472810605,0.22510071518884264,0.4704469393909475
2133.0,0.6587278536160326,0.48209854661467566,0.0,0.1538461538461533,0.7500000000000004,0.05603448275862069,0.6393088552915768,0.7431067961165048,0.7419928825622776,0.39999999999999997,0.475,0.7711701593272475,0.5678985537082212,0.46928259607640194,0.05466513023537361,0.5397676357840584,0.728704356914392,0.45623479032938685,0.6260186424812483,0.5490058720510971,0.7297860962566844,0.13349417105805395,0.7241455164539983,0.4830587511404147,0.8091464570841616,0.7868742287318252,0.1728819553829214,0.35037852224517135
2143.0,0.6815277374382804,0.5342077277561148,1.0,0.1538461538461533,0.7500000000000004,0.11422413793103449,0.755939524838013,0.7999999999999999,0.8576512455516014,0.3333333333333333,0.5,0.7395330542717122,0.7809363411226034,0.5515490871898402,0.090764143795049,0.4874345442822417,0.9179682702000316,0.5137878723795057,0.6513254066683468,0.7324611105387864,0.8411764705882352,0.13349417105805395,0.6697566431692917,0.4641118138052476,0.7389947527958776,0.8789509103212444,0.1549542351217298,0.30667602238447567
2153.0,0.6880627359860587,0.5409429280397022,1.0,0.1538461538461533,0.7500000000000004,0.11853448275862068,0.514038876889849,0.5514563106796116,0.7686832740213523,0.3333333333333333,0.5,0.6271697314236018,0.17736071345237334,0.3540667842586206,0.24291126659343243,0.44680024552215813,0.0,0.22840468789558604,0.7257786560830826,0.027517370053684154,0.0,0.23410860287747084,0.7846772884571696,0.553322736679095,0.8769275076842585,0.6585046078685182,0.21305971842755136,0.4382901333355414
2163.0,0.6908219575951204,0.5345622119815667,1.0,0.1538461538461533,0.7500000000000004,0.20043103448275862,0.45788336933045365,0.47961165048543686,0.896797153024911,0.3333333333333333,0.5,0.25860087610543314,0.09503148005642084,0.22393993834849182,0.05501271066881021,0.3178367881095381,0.5859414529093725,0.29711674394820364,0.5076147764950957,0.3927291874134359,0.4866310160427807,0.19777994006410984,0.8191029742869411,0.5109091164615641,0.90975893838809,0.5749455167129004,0.2693825387827768,0.5447833502962771
2173.0,0.6908219575951204,0.5193193902871323,1.0,0.23076923076922995,0.6666666666666665,0.3448275862068965,0.41684665226781864,0.43106796116504853,1.0,0.0,0.75,0.0,0.1561315470582934,0.2850460314515522,0.05636026174819344,0.373190201703801,0.7471726356821292,0.4922012850636554,0.6290298318369647,0.42245573068690406,0.5508021390374331,0.3249416719698834,0.8070117060622654,0.4863988559903045,0.8987361529148379,0.6050832675335579,0.4076247784489313,0.8605425985660736
2183.0,0.6893697356956143,0.4877702942219071,1.0,0.23076923076922995,0.6666666666666665,0.4418103448275862,0.3952483801295897,0.341747572815534,0.9217081850533808,0.3333333333333333,0.5,0.9643842221098198,0.32518946356178563,0.24321172262365617,0.4001564497080432,0.9887912197980684,0.8685297901580311,0.38718757154458555,0.8487353827559563,0.460675572038506,0.43850267379679136,0.6767857616712396,0.9481604994815296,0.5671426170957408,0.9893092532290205,0.2124296443310437,0.4215096593113673,0.4603410309938432
2193.0,0.6864652918966019,0.44487770294221907,1.0,0.23076923076922995,0.6666666666666665,0.47844827586206895,0.3736501079913608,0.2796116504854369,0.8220640569395018,0.3333333333333333,0.5,0.9478582318886497,0.4453080673922726,0.5578454057510539,0.048966738970960606,0.495040865643107,0.8135163218885169,0.7508351470710424,0.40285169886955197,0.460675572038506,0.5133689839572192,0.9267771356041042,0.9193923820710705,0.4776116530082472,0.9779527829700501,0.29827499313594685,0.19115470996930756,0.3222262477561949
2203.0,0.6828347371478363,0.39418645870258784,1.0,0.23076923076922995,0.6666666666666665,0.521551724137931,0.3628509719222463,0.23689320388349516,0.8327402135231317,0.3333333333333333,0.5,0.9449081882171819,0.5271032515910312,0.6937089604228363,0.032801439700584176,0.5018744456513887,0.770436349679338,0.5684644286431425,0.6177940726022189,0.4819088172338404,0.5668449197860962,0.8175657025469851,0.9451108996123856,0.5063212201331122,0.9882867539010529,0.221621103588968,0.13367544575116144,0.21539598374799218
2213.0,0.6800755155387743,0.347394540942928,1.0,0.3076923076923066,0.7500000000000004,0.5818965517241379,0.37580993520518363,0.25825242718446606,0.8612099644128114,0.6666666666666666,0.75,0.9544952145752035,0.48422715677044403,0.6029702175186885,0.018129300613434807,0.5081850974208466,0.6302913603478116,0.3372981585098445,0.6187520427774096,0.5286219566635761,0.7433155080213905,0.76947492173281,0.855762891132588,0.4456914867030318,0.9396326502690037,0.4788521306805728,0.13392548287729586,0.21117977758870757
2223.0,0.6777519604995643,0.30024813895781644,1.0,0.38461538461538325,0.6666666666666665,0.6056034482758621,0.38228941684665235,0.2563106796116505,0.800711743772242,0.0,0.75,0.9618902221915233,0.48640041720136157,0.6219364947457152,0.00460639596921553,0.5070817242309014,0.6809320649333047,0.4492127356783496,0.6194893597330825,0.5158820095463754,0.6791443850267378,0.76947492173281,0.40453729474452543,0.25501447186751913,0.3421354870126444,0.9486832980505124,0.11498104642010983,0.20011408161146862
2233.0,0.6777519604995643,0.25310173697270466,1.0,0.38461538461538325,0.6666666666666665,0.6616379310344828,0.41684665226781864,0.2563106796116505,0.8540925266903915,0.3333333333333333,0.5,0.0,0.4829185060175122,0.27179787128272115,0.5841743328302468,0.01918291404570771,0.6745749955918049,0.07267373279448514,0.9999999999999998,0.5710884470542449,0.6844919786096256,0.7750229454724011,0.5087449240680327,0.547677938625204,0.5003646974952651,1.0,0.12259552788215415,0.20165200025020225
2243.0,0.6800755155387743,0.21517192484934422,1.0,0.38461538461538325,0.6666666666666665,0.689655172413793,0.45140388768898493,0.3067961165048544,0.8078291814946619,0.3333333333333333,0.5,0.04724766244932671,0.392832957332392,0.47339675892067384,0.04295673219671159,0.5271419317712556,0.5772224541792504,0.6355237298961149,0.2809350732990822,0.5710884470542449,0.823529411764706,0.7424915932187574,0.8388214444666425,0.6666905753108607,0.9265044535024609,0.5240974256643345,0.10563999634449323,0.19492457545851785
2253.0,0.6839965146674412,0.18326834455866714,1.0,0.38461538461538325,0.6666666666666665,0.709051724137931,0.4751619870410368,0.33980582524271846,0.7935943060498221,0.3333333333333333,0.5,0.09277357907774236,0.3411756014649016,0.4659372048220228,0.02844583332651425,0.5262752748661149,0.6204202036113461,0.4222546645198625,0.6188554900301668,0.5498552018589105,0.7754010695187165,0.580797464999466,0.8314856779994471,0.4889045786696301,0.9204559652047534,0.5432512781572745,0.10156372901502951,0.18259061351903502
2263.0,0.6931455126343304,0.1531371853952499,1.0,0.38461538461538325,0.6666666666666665,0.7672413793103448,0.552915766738661,0.34951456310679613,0.8576512455516014,0.3333333333333333,0.5,0.2030276240156808,0.3841624024851867,0.41093538581631317,0.055976718477178194,0.5588567852580472,0.7268112221495483,0.3737548559573684,0.645828333035364,0.6560214278355825,0.7112299465240641,0.5623061190064438,0.5534419117225903,0.3462657554306409,0.5691990539730406,0.9904922731777516,0.10813883711633487,0.20643149203792854
2273.0,0.7059250653499856,0.13186813186813184,1.0,0.3076923076923066,0.7500000000000004,0.8362068965517241,0.6069114470842334,0.39805825242718446,0.8754448398576513,0.6666666666666666,0.25,0.30951735012661685,0.3867277321664837,0.41390828481424874,0.05180125219149852,0.5569619800754527,0.6813727962817264,0.4328972365346957,0.6254864170230524,0.6093082884058469,0.8181818181818181,0.4300959678525504,0.763117386102049,0.6032500285483333,0.8541759681605225,0.7071067811865477,0.09990379464535454,0.2134784986160009
2283.0,0.7250943944234678,0.11662531017369737,1.0,0.3076923076923066,0.7500000000000004,0.8663793103448275,0.7019438444924406,0.43106796116504853,0.8113879003558718,0.3333333333333333,0.5,0.399758822192604,0.5040769840023673,0.4448312941605008,0.07402218321281585,0.5487832690290779,0.8104032487830528,0.4614102870560366,0.6424216136862375,0.6899946201481175,0.7754010695187166,0.5562503724985641,0.6281570756005568,0.42165789667181586,0.6806957738107668,0.9327981344055968,0.11829360525996874,0.25925896923996117
2293.0,0.7507987220447283,0.1120170152428217,1.0,0.3076923076923066,0.7500000000000004,0.877155172413793,0.7991360691144709,0.4893203883495146,0.7793594306049823,0.3333333333333333,0.5,0.47666320997424777,0.644412115258058,0.4739565337028019,0.08390565492891919,0.5420699225820669,0.8362420454281464,0.4595763085633941,0.6345062418562167,0.6942412691871844,0.8449197860962566,0.7072620621911954,0.6991854890163826,0.5301954692619357,0.7779170933800661,0.8320502943378437,0.13476933779517944,0.3889701041102365
2303.0,0.7807144931745571,0.11662531017369737,1.0,0.38461538461538325,0.7500000000000004,0.8728448275862069,0.8617710583153348,0.5398058252427185,0.7544483985765125,0.3333333333333333,0.75,0.5200609146636084,0.7494669606562784,0.5258947473281236,0.05866554920255089,0.5252040194286491,0.7965829088250709,0.482848756309218,0.6119719283821126,0.6262948845621145,0.8235294117647058,0.8225629773047609,0.7454688524922762,0.517157048502654,0.8343806573664994,0.7445694406464906,0.18062006550350326,0.2915718795069787
2313.0,0.8199244844612257,0.1272598369372564,1.0,0.3076923076923066,0.8333333333333335,0.9051724137931034,1.0000000000000002,0.5728155339805825,0.8149466192170819,0.6666666666666666,0.25,0.5352232874772773,0.9863939238321437,0.62114733425088,0.09669029420889087,0.5109915003437714,0.9448224767868791,0.5270355197509001,0.6525609025729755,0.7749276009294552,0.7754010695187166,0.7790023327604305,0.5928330097389654,0.41234447733328533,0.6288196295087063,0.9664851269264961,0.12453023214107935,0.18989589163959308
2323.0,0.858844031367993,0.14711095356256654,1.0,0.3076923076923066,0.8333333333333335,0.9331896551724138,0.9956803455723544,0.6233009708737864,0.8078291814946619,0.3333333333333333,0.5,0.5655690789321308,0.9941158459131328,0.5718762815153804,0.03806397537021366,0.5186342165038498,0.6871694047109199,0.37960104497602243,0.590552259693231,0.4946487643510411,0.8235294117647058,0.6421448991718164,0.024864655798053803,0.19350151484105038,0.0014738314709690226,0.07669649888473674,0.09646084989378062,0.16766230689961004
2333.0,0.8976183560848097,0.17086139666784828,1.0,0.3076923076923066,0.8333333333333335,0.9525862068965517,0.9935205183585314,0.6446601941747573,0.7935943060498221,0.3333333333333333,0.5,0.5782595795437304,0.9995252663515558,0.6348782869474484,0.016098276351311627,0.5097472602901408,0.6845698844318645,0.49413538275941943,0.6140726969415967,0.49889541339010784,0.7433155080213903,0.4250811417153162,0.029362659336026387,0.49513991352934916,0.002054894503462912,0.09053574604251972,0.08878766053151148,0.1684431747970847
2343.0,0.9324716816729597,0.19709322935129392,1.0,0.23076923076922995,0.9166666666666665,0.9698275862068966,0.9352051835853132,0.658252427184466,0.7900355871886121,0.6666666666666666,0.25,0.5952015250198666,0.911914832554315,0.6075386869952681,0.040093327668373216,0.5118872649318978,0.5800047706220164,0.40197421679624923,0.6435598400799057,0.3884825383743691,0.7219251336898396,0.3521559650260142,0.42658569910892585,0.7020707654599397,0.3747920928326872,0.9679968981658008,0.08838429252399455,0.173944327448086
2353.0,0.9591925646238746,0.22048918823112373,1.0,0.23076923076922995,0.9166666666666665,0.9935344827586206,0.8142548596112311,0.6427184466019418,0.800711743772242,0.3333333333333333,0.5,0.6096260527758944,0.7097772775905016,0.6010941414077586,0.08193483733763339,0.5106200991146457,0.451262992240412,0.42329011620849993,0.6550096329596223,0.26532971624142937,0.641711229946524,0.452446504021473,0.5547021274550374,0.5602757301941256,0.5711269516283166,0.9899494936611665,0.09462080591808963,0.22188487807376037
2363.0,0.9805402265466163,0.24388514711095355,1.0,0.38461538461538325,0.9166666666666665,1.0,0.7343412526997841,0.6427184466019418,0.7722419928825622,0.3333333333333333,1.0,0.634328373037162,0.5850815064156766,0.5485823077715641,0.053122649272606036,0.5157935223552236,0.5383165465818097,0.37629499185499515,0.6096801793908119,0.3460160479837002,0.6844919786096256,0.548874377942732,0.5087449240680327,0.4685545472043101,0.5003646974952651,1.0,0.10052198208351627,0.27512210296703804
2373.0,0.992593668312518,0.2676355902162353,1.0,0.38461538461538325,0.9166666666666665,0.9806034482758621,0.5961123110151189,0.6446601941747573,0.7295373665480427,0.3333333333333333,0.5,0.7161748435878046,0.38730684470818677,0.43291880132873584,0.08864086780797606,0.5445575662896979,0.4561673907006795,0.3118713879835636,0.6509527846834897,0.23135652392889444,0.6898395721925134,0.498886600996701,0.5036847564988213,0.4901036150822983,0.4925474532921084,0.9998779520346953,0.15989306900575095,0.40227140427220887
2383.0,0.9984025559105432,0.292449485997873,1.0,0.38461538461538325,0.9166666666666665,0.978448275862069,0.5032397408207344,0.6504854368932038,0.7580071174377224,0.3333333333333333,0.5,0.8347506594614321,0.29273785465687574,0.38618985249281046,0.05778170492314779,0.563045626698416,0.5721825456503917,0.3821943491174289,0.6083668970994922,0.3205361537492989,0.7005347593582887,0.40131698468875204,0.48618540427666856,0.4835492810316032,0.46554018375860995,0.9975751008362208,0.280567083349714,0.16766230689961004
2393.0,1.0,0.32789790854306977,1.0,0.4615384615384599,1.0000000000000004,0.9978448275862069,0.4406047516198705,0.7087378640776698,0.7935943060498221,0.6666666666666666,0.75,0.9651261195022358,0.3652867504027157,0.39527779956073733,0.06656216520440639,0.5689850882446474,0.7600424481586083,0.43913544713162067,0.6337985803009829,0.37998924029623526,0.8449197860962566,0.44109789868693805,0.24888354560518006,0.3677330846615,0.14060829621083926,0.6950220968474748,0.577100819873942,0.1684431747970847
2403.0,0.9989834446703456,0.3704360155973059,1.0,0.4615384615384599,1.0000000000000004,0.9870689655172413,0.4017278617710584,0.7475728155339806,0.7437722419928825,0.3333333333333333,0.5,0.0185470585764686,0.436456637978918,0.2656851208486743,0.5203454962420988,0.02688993065380857,0.7584922829020864,0.29766166975048075,0.9193000843242041,0.4267023797259709,0.7914438502673796,0.548874377942732,0.23734201370014002,0.48668851769878635,0.12844654685830043,0.6689647316224496,0.10052198208351627,0.173944327448086
2413.0,0.9975312227708393,0.43317972350230405,1.0,0.4615384615384599,1.0000000000000004,0.939655172413793,0.3952483801295897,0.858252427184466,0.6832740213523132,0.3333333333333333,0.5,0.017964511804932526,0.6437058987716221,0.8245643338983788,0.08296444460394434,0.5030661474178778,0.9114612943510514,1.0,0.34755372423130987,0.49040211531197414,0.9893048128342246,0.498886600996701,0.017030448333876402,0.3766854445668096,0.0006915894079255747,0.05255883312276374,0.15989306900575095,0.2218848780737603
2423.0,0.9956433343014812,0.5111662531017369,1.0,0.5384615384615383,1.0000000000000004,0.7586206896551724,0.388768898488121,0.941747572815534,0.4626334519572953,0.3333333333333333,0.75,0.01878737402375752,0.8002059721662752,0.8153892829996713,0.06265337707540872,0.5037735732128181,0.85441331680219,0.42050461608285666,0.6151342626306019,0.49040211531197414,0.9144385026737968,0.40131698468875204,0.02255951979136417,0.4956831937974703,0.0012133339365408835,0.06959826284903861,0.280567083349714,0.2751221029670381
2433.0,0.9941911124019751,0.5997873094647288,1.0,0.5384615384615383,1.0000000000000004,0.47413793103448276,0.3952483801295897,1.0,0.29181494661921703,0.3333333333333333,0.5,0.012725611347991772,0.908467455661481,0.6810818510615219,0.043887579209094356,0.500308132709502,0.8001875422693332,0.2928519571856374,0.6161256648027624,0.5158820095463754,0.8449197860962566,0.44109789868693805,0.9852094562236133,1.0,0.998246180171225,0.09950371902099903,0.5771008198739421,0.40227140427220887
